1441 8
-1.79757094 0.0809453428
-1.79508095625 0.0807207871241324
-1.7925909725 0.0804965522402767
-1.79010098875 0.0802726311308106
-1.787611005 0.0800490237851506
-1.78512102125 0.0798257301927379
-1.7826310375 0.0796027503430139
-1.78014105375 0.0793800842254448
-1.77765107 0.079157725
-1.7751608475 0.0789356718697611
-1.772670625 0.0787139256708116
-1.7701804025 0.078492493222182
-1.76769018 0.0782713745134167
-1.7651999575 0.0780505695340636
-1.762709735 0.0778300782736956
-1.7602195125 0.077609900721896
-1.75772929 0.0773900375
-1.75523885875 0.0771704683111345
-1.7527484275 0.0769512134840085
-1.75025799625 0.0767322723765282
-1.747767565 0.0765136449783483
-1.74527713375 0.076295331279141
-1.7427867025 0.0760773312685927
-1.74029627125 0.0758596449364148
-1.73780584 0.0756422728
-1.73531518625 0.0754251938875719
-1.7328245325 0.0752084292064374
-1.73033387875 0.0749919782186801
-1.727843225 0.0747758409140715
-1.72535257125 0.0745600172824048
-1.7228619175 0.0743445073134872
-1.72037126375 0.0741293109971402
-1.71788061 0.0739144236
-1.71538974625 0.0736998412033252
-1.7128988825 0.073485567758464
-1.71040801875 0.0732716079785014
-1.707917155 0.0730579618533369
-1.70542629125 0.0728446293728808
-1.7029354275 0.0726316105270577
-1.70044456375 0.0724189053058168
-1.6979537 0.0722065121
-1.69546261375 0.0719944167667386
-1.6929715275 0.0717826334848937
-1.69048044125 0.0715711638435685
-1.687989355 0.0713600078327801
-1.68549826875 0.0711491654425593
-1.6830071825 0.0709386366629552
-1.68051609625 0.0707284214840236
-1.67802501 0.0705185235
-1.67553371375 0.0703089142333368
-1.6730424175 0.0700996221946504
-1.67055112125 0.0698906437699058
-1.668059825 0.0696819789492338
-1.66556852875 0.0694736277227861
-1.6630772325 0.0692655900807253
-1.66058593625 0.0690578660132388
-1.65809464 0.0688504577
-1.65560315125 0.0686433425727131
-1.6531116625 0.0684365432285645
-1.65062017375 0.0682300574683161
-1.648128685 0.0680238852822193
-1.64563719625 0.067818026660543
-1.6431457075 0.0676124815935744
-1.64065421875 0.0674072500716107
-1.63816273 0.0672023296
-1.6356710325 0.0669977104942774
-1.633179335 0.066793402472122
-1.6306876375 0.0665894080088556
-1.62819594 0.0663857270948611
-1.6257042425 0.0661823597205178
-1.623212545 0.0659793058762332
-1.6207208475 0.0657765655524258
-1.61822915 0.0655741319
-1.61573724375 0.0653720085084331
-1.6132453375 0.0651701918216894
-1.61075343125 0.0649686886697793
-1.608261525 0.0647674990431888
-1.60576961875 0.0645666229324355
-1.6032777125 0.0643660603280338
-1.60078580625 0.0641658112205263
-1.5982939 0.0639658719
-1.5958018 0.0637662379496362
-1.5933097 0.0635669138161568
-1.5908176 0.0633679031906134
-1.5883255 0.0631692060636233
-1.5858334 0.0629708224258145
-1.5833413 0.0627727522678221
-1.5808492 0.062574995580313
-1.5783571 0.0623775497
-1.57586479125 0.0621804060800422
-1.5733724825 0.061983573301184
-1.57088017375 0.0617870540080965
-1.568387865 0.0615908481915071
-1.56589555625 0.0613949558421574
-1.5634032475 0.0611993769508175
-1.56091093875 0.0610041115082574
-1.55841863 0.0608091615
-1.5559261425 0.0606145069842974
-1.553433655 0.0604201679294825
-1.5509411675 0.0602261423316612
-1.54844868 0.0600324301816819
-1.5459561925 0.0598390314704105
-1.543463705 0.0596459461887271
-1.5409712175 0.0594531743275262
-1.53847873 0.0592607111
-1.53598603375 0.0590685547508834
-1.5334933375 0.0588767070698069
-1.53100064125 0.0586851728254381
-1.528507945 0.0584939520087424
-1.52601524875 0.0583030446107102
-1.5235225525 0.0581124506223354
-1.52102985625 0.0579221700346366
-1.51853716 0.0577322021
-1.516044285 0.0575425354366423
-1.51355141 0.0573531814533972
-1.511058535 0.0571641408799728
-1.50856566 0.056975413707459
-1.506072785 0.0567869999269597
-1.50357991 0.0565988995295896
-1.501087035 0.0564111125064848
-1.49859416 0.0562236384
-1.4961010925 0.0560364641072333
-1.493608025 0.0558496027618247
-1.4911149575 0.0556630548037589
-1.48862189 0.0554768202242322
-1.4861288225 0.0552908990144765
-1.483635755 0.0551052911657237
-1.4811426875 0.05491999666922
-1.47864962 0.0547350161
-1.4761563725 0.054550334376323
-1.473663125 0.0543659666077509
-1.4711698775 0.0541819122018303
-1.46867663 0.0539981711498925
-1.4661833825 0.0538147434432759
-1.463690135 0.0536316290733332
-1.4611968875 0.053448828031442
-1.45870364 0.053266339
-1.45621019875 0.0530841517527705
-1.4537167575 0.0529022765475062
-1.45122331625 0.0527207146846109
-1.448729875 0.0525394661555367
-1.44623643375 0.0523585309517323
-1.4437429925 0.0521779090646817
-1.44124955125 0.0519976004858655
-1.43875611 0.0518176071
-1.436262505 0.0516379114291396
-1.4337689 0.0514585309754345
-1.431275295 0.0512794638372185
-1.42878169 0.051100710006061
-1.426288085 0.0509222694735314
-1.42379448 0.0507441422312311
-1.421300875 0.0505663282707651
-1.41880727 0.0503888279
-1.41631348625 0.0502116274716755
-1.4138197025 0.0500347406612569
-1.41132591875 0.049858167144162
-1.408832135 0.0496819069120775
-1.40633835125 0.0495059599566936
-1.4038445675 0.0493303262697289
-1.40135078375 0.0491550058429056
-1.398857 0.0489799939
-1.3963630225 0.0488052911763042
-1.393869045 0.0486308969687315
-1.3913750675 0.048456816037028
-1.38888109 0.0482830483729941
-1.3863871125 0.0481095939684479
-1.383893135 0.0479364528152146
-1.3813991575 0.0477636249051443
-1.37890518 0.0475911126
-1.3764110525 0.0474188984343229
-1.373916925 0.0472469998950125
-1.3714227975 0.0470754146040733
-1.36892867 0.0469041425534158
-1.3664345425 0.0467331837349789
-1.363940415 0.0465625381407122
-1.3614462875 0.0463922057625759
-1.35895216 0.0462221839
-1.356457855 0.0460524685562831
-1.35396355 0.0458830637567083
-1.351469245 0.0457139721858475
-1.34897494 0.0455451938357392
-1.346480635 0.0453767286984359
-1.34398633 0.0452085767660009
-1.341492025 0.0450407380305222
-1.33899772 0.0448732115
-1.33650323625 0.0447059881470722
-1.3340087525 0.0445390770282295
-1.33151426875 0.0443724791197013
-1.329019785 0.0442061944136505
-1.32652530125 0.0440402229022432
-1.3240308175 0.0438745645776635
-1.32153633375 0.0437092194321202
-1.31904185 0.0435441919
-1.31654721625 0.0433794587514313
-1.3140525825 0.0432150432384262
-1.31155794875 0.0430509409110655
-1.309063315 0.0428871517616258
-1.30656868125 0.0427236757823941
-1.3040740475 0.0425605129656716
-1.30157941375 0.0423976633037846
-1.29908478 0.0422351249
-1.29658998375 0.0420728928568543
-1.2940951875 0.0419109720973196
-1.29160039125 0.0417493645028379
-1.289105595 0.0415880700658029
-1.28661079875 0.0414270887786188
-1.2841160025 0.0412664206337148
-1.28162120625 0.0411060656235165
-1.27912641 0.0409460217
-1.27663144875 0.0407862844233655
-1.2741364875 0.040626858259774
-1.27164152625 0.0404677452422106
-1.269146565 0.04030894536319
-1.26665160375 0.040150458615237
-1.2641566425 0.0399922849908911
-1.26166168125 0.0398344244827129
-1.25916672 0.0396768749
-1.256671595 0.0395196324757698
-1.25417647 0.0393627010032986
-1.251681345 0.0392060826584597
-1.24918622 0.0390497774338883
-1.246691095 0.0388937853222231
-1.24419597 0.0387381063161278
-1.241700845 0.0385827404082768
-1.23920572 0.0384276882
-1.23671044625 0.0382729386424039
-1.2342151725 0.0381185028071371
-1.23171989875 0.0379643800782858
-1.229224625 0.0378105704485989
-1.22672935125 0.0376570739108431
-1.2242340775 0.0375038904577956
-1.22173880375 0.0373510200822409
-1.21924353 0.0371984616
-1.21674810625 0.0370462093923329
-1.2142526825 0.0368942691012748
-1.21175725875 0.0367426418966694
-1.209261835 0.0365913277713901
-1.20676641125 0.0364403267183135
-1.2042709875 0.0362896387303344
-1.20177556375 0.036139263800365
-1.19928014 0.0359892026
-1.19678456875 0.0358394442440471
-1.1942889975 0.0356899996405957
-1.19179342625 0.0355408681039577
-1.189297855 0.0353920496271094
-1.18680228375 0.0352435442030554
-1.1843067125 0.0350953518248076
-1.18181114125 0.034947472485392
-1.17931557 0.0347999036
-1.17681983375 0.0346526431696503
-1.1743240975 0.0345056932208472
-1.17182836125 0.0343590563245364
-1.169332625 0.0342127324738186
-1.16683688875 0.0340667216618158
-1.1643411525 0.033921023881657
-1.16184541625 0.033775639126489
-1.15934968 0.0336305723
-1.156853825 0.0334858017834563
-1.15435797 0.0333413492117423
-1.151862115 0.0331972096675486
-1.14936626 0.0330533831440931
-1.146870405 0.032909869634608
-1.14437455 0.0327666691323429
-1.141878695 0.0326237816305692
-1.13938284 0.0324812047
-1.13688682125 0.0323389362782898
-1.1343908025 0.0321969784554561
-1.13189478375 0.0320553336473921
-1.129398765 0.0319140018474364
-1.12690274625 0.0317729830489419
-1.1244067275 0.0316322772452757
-1.12191070875 0.0314918844298226
-1.11941469 0.0313518047
-1.11691853625 0.0312120301861789
-1.1144223825 0.0310725687786864
-1.11192622875 0.0309334203669458
-1.109430075 0.0307945849444096
-1.10693392125 0.0306560625045549
-1.1044377675 0.0305178530408661
-1.10194161375 0.0303799565468417
-1.09944546 0.030242376
-1.0969491725 0.0301050950949779
-1.094452885 0.0299681301577515
-1.0919565975 0.029831478197881
-1.08946031 0.0296951392089504
-1.0869640225 0.0295591131845399
-1.084467735 0.0294234001182616
-1.0819714475 0.029288000003735
-1.07947516 0.0291529149
-1.07697873875 0.029018131391723
-1.0744823175 0.0288836629150886
-1.07198589625 0.0287495073983628
-1.069489475 0.0286156648352431
-1.06699305375 0.0284821352194342
-1.0644966325 0.0283489185446619
-1.06200021125 0.0282160148046628
-1.05950379 0.028083425
-1.057007235 0.0279511390253795
-1.05451068 0.027819167007177
-1.052014125 0.0276875079323737
-1.04951757 0.0275561617947879
-1.047021015 0.0274251285882414
-1.04452446 0.0272944083065774
-1.042027905 0.0271640009436496
-1.03953135 0.0270339083
-1.03703466 0.0269041179400844
-1.03453797 0.0267746423210795
-1.03204128 0.0266454796302185
-1.02954459 0.0265166298614368
-1.0270479 0.0263880930086771
-1.02455121 0.0262598690658962
-1.02205452 0.0261319580270687
-1.01955783 0.0260043629
-1.01706102175 0.025877068616083
-1.0145642135 0.0257500902615853
-1.01206740525 0.0256234248167182
-1.009570597 0.0254970722755381
-1.00707378875 0.0253710326321013
-1.0045769805 0.0252453058804853
-1.00208017225 0.0251198920147857
-0.999583364 0.0249947924
-0.9970864285 0.0248699965657018
-0.994589493 0.0247455150024685
-0.9920925575 0.0246213463335536
-0.989595622 0.0244974905531237
-0.9870986865 0.0243739476553593
-0.984601751 0.0242507176344517
-0.9821048155 0.0241278004846137
-0.97960788 0.024005197
-0.977110817875 0.0238828985813235
-0.97461375575 0.0237609138481005
-0.972116693625 0.0236392419946618
-0.9696196315 0.0235178830152911
-0.967122569375 0.0233968369042898
-0.96462550725 0.0232761036559701
-0.962128445125 0.0231556832646511
-0.959631383 0.0230355766
-0.95713420175 0.0229157753229572
-0.9546370205 0.0227962877911523
-0.95213983925 0.0226771131236667
-0.949642658 0.0225582513148908
-0.94714547675 0.0224397023592466
-0.9446482955 0.0223214662511673
-0.94215111425 0.0222035429850891
-0.939653933 0.022085933
-0.93715664 0.0219686297146922
-0.934659347 0.0218516397273305
-0.932162054 0.0217349625879066
-0.929664761 0.0216185982909316
-0.927167468 0.0215025468309449
-0.924670175 0.0213868082024895
-0.922172882 0.0212713824001334
-0.919675589 0.0211562682
-0.917178176625 0.0210414637718692
-0.91468076425 0.0209269709650677
-0.912183351875 0.0208127909926716
-0.9096859395 0.0206989238493129
-0.907188527125 0.0205853695296483
-0.90469111475 0.0204721280283415
-0.902193702375 0.0203591993400707
-0.89969629 0.020246584
-0.897198766 0.020134275368914
-0.894701242 0.0200222801034222
-0.892203718 0.0199105976578018
-0.889706194 0.0197992280268124
-0.88720867 0.0196881712052139
-0.884711146 0.019577427187798
-0.882213622 0.0194669959693599
-0.879716098 0.0193568766
-0.87721846225 0.0192470670025102
-0.8747208265 0.0191375692717628
-0.87222319075 0.019028384347326
-0.869725555 0.0189195122240733
-0.86722791925 0.0188109528968887
-0.8647302835 0.0187027063606813
-0.86223264775 0.0185947726103599
-0.859735012 0.0184871517
-0.857237271875 0.018379838969306
-0.85473953175 0.018272839094621
-0.852241791625 0.0181661520117764
-0.8497440515 0.0180597777157701
-0.847246311375 0.0179537162015997
-0.84474857125 0.017847967464288
-0.842250831125 0.0177425314988682
-0.839753091 0.0176374074
-0.83725523925 0.0175325931868855
-0.8347573875 0.0174280908584201
-0.83225953575 0.0173239013100854
-0.829761684 0.0172200245369893
-0.82726383225 0.017116460534254
-0.8247659805 0.0170132092970192
-0.82226812875 0.0169102708204321
-0.819770277 0.0168076456
-0.81727232825 0.0167053281628071
-0.8147743795 0.0166033239964349
-0.81227643075 0.0165016325957552
-0.809778482 0.0164002539560002
-0.80728053325 0.0162991880724057
-0.8047825845 0.0161984349402253
-0.80228463575 0.0160979945547304
-0.799786687 0.0159978662
-0.797288634 0.0158980478457735
-0.794790581 0.0157985415390272
-0.792292528 0.0156993479862955
-0.789794475 0.0156004671829209
-0.787296422 0.0155018991242599
-0.784798369 0.0154036438056906
-0.782300316 0.0153057012225908
-0.779802263 0.015208072
-0.7773041205 0.0151107507633732
-0.774805978 0.0150137429005106
-0.7723078355 0.014917047777228
-0.769809693 0.0148206653889851
-0.7673115505 0.0147245957312556
-0.764813408 0.0146288387995313
-0.7623152655 0.0145333945893142
-0.759817123 0.0144382622
-0.757318876375 0.0143434403698883
-0.75482062975 0.0142489303778284
-0.752322383125 0.014154733115511
-0.7498241365 0.0140608485785165
-0.747325889875 0.0139672767624397
-0.74482764325 0.0138740176628858
-0.742329396625 0.0137810712754778
-0.73983115 0.0136884386
-0.73733281375 0.0135961133132412
-0.7348344775 0.0135041017521722
-0.73233614125 0.0134124029083189
-0.729837805 0.013321016777379
-0.72733946875 0.0132299433550678
-0.7248411325 0.0131391826371043
-0.72234279625 0.0130487346192361
-0.71984446 0.0129586002
-0.717346042 0.0128687737327624
-0.714847624 0.0127792608761759
-0.712349206 0.0126900607232479
-0.709850788 0.0126011732698004
-0.70735237 0.0125125985116519
-0.704853952 0.0124243364446528
-0.702355534 0.0123363870646571
-0.699857116 0.0122487498
-0.697358601 0.0121614229649296
-0.694860086 0.0120744082612703
-0.692361571 0.0119877062524694
-0.689863056 0.0119013169344626
-0.687364541 0.0118152403031893
-0.684866026 0.0117294763546134
-0.682367511 0.0116440250847134
-0.679868996 0.0115588866
-0.677370399125 0.0114740577903234
-0.67487180225 0.0113895417783532
-0.672373205375 0.011305338449592
-0.6698746085 0.0112214478000929
-0.667376011625 0.0111378698259195
-0.66487741475 0.0110546045231459
-0.662378817875 0.0109716518878642
-0.659880221 0.0108890114
-0.657381542125 0.0108066819075106
-0.65488286325 0.0107246645752177
-0.652384184375 0.0106429599154616
-0.6498855055 0.0105615679244018
-0.647386826625 0.010480488598219
-0.64488814775 0.0103997219331191
-0.642389468875 0.0103192679253006
-0.63989079 0.0102391262
-0.637392029125 0.0101592952518033
-0.63489326825 0.0100797765991345
-0.632394507375 0.0100005706092645
-0.6298957465 0.00992167727847004
-0.627396985625 0.00984309660305271
-0.62489822475 0.00976482857932126
-0.622399463875 0.00968687320360928
-0.619900703 0.00960923079
-0.61740186775 0.0095318980845569
-0.6149030325 0.00945487835256031
-0.61240419725 0.00937817127264751
-0.609905362 0.00930177684121958
-0.60740652675 0.00922569505469539
-0.6049076915 0.00914992590950092
-0.60240885625 0.00907446940208345
-0.599910021 0.00899932534
-0.59741110375 0.008924491835959
-0.5949121865 0.00884997079073102
-0.59241326925 0.00877576238972466
-0.589914352 0.00870186662946182
-0.58741543475 0.00862828350647149
-0.5849165175 0.00855501301730044
-0.58241760025 0.00848205515851674
-0.579918683 0.00840941072
-0.577419698625 0.00833707537965367
-0.57492071425 0.00826505346956452
-0.572421729875 0.00819334419305306
-0.5699227455 0.00812194754675488
-0.567423761125 0.00805086352731976
-0.56492477675 0.00798009213141171
-0.562425792375 0.00790963335571249
-0.559926808 0.00783948787
-0.557427756625 0.00776965178362232
-0.55492870525 0.00770012899742767
-0.552429653875 0.00763091883506917
-0.5499306025 0.00756202129330319
-0.547431551125 0.00749343636889321
-0.54493249975 0.00742516405862759
-0.542433448375 0.00735720435929821
-0.539934397 0.00728955725
-0.537435271125 0.00722222077805412
-0.53493614525 0.00715519690844246
-0.532437019375 0.00708848565574627
-0.5299378935 0.00702208701683205
-0.527438767625 0.00695600098858762
-0.52493964175 0.00689022756791502
-0.522440515875 0.00682476675172339
-0.51994139 0.00675961934
-0.5174422045 0.00669478137738722
-0.514943019 0.00663025682806051
-0.5124438335 0.0065660448859397
-0.509944648 0.00650214554801565
-0.5074454625 0.0064385588112863
-0.504946277 0.00637528467277093
-0.5024470915 0.00631232312950303
-0.499947906 0.0062496746
-0.497448657125 0.00618733624013146
-0.49494940825 0.00612531090401802
-0.492450159375 0.0060635981672803
-0.4899509105 0.00600219802702284
-0.487451661625 0.00594111048036794
-0.48495241275 0.00588033552444855
-0.482453163875 0.00581987315641541
-0.479953915 0.00575972348
-0.4774546065 0.00569988474885719
-0.474955298 0.0056403587186189
-0.4724559895 0.00558114527992615
-0.469956681 0.00552224443000071
-0.4674573725 0.00546365616608213
-0.464958064 0.00540538048542061
-0.4624587555 0.0053474173852841
-0.459959447 0.00528976694
-0.457460079 0.005232427554418
-0.454960711 0.0051754008331848
-0.452461343 0.00511868669657289
-0.449961975 0.00506228514191776
-0.447462607 0.00500619616658327
-0.444963239 0.00495041976793331
-0.442463871 0.00489495594334954
-0.439964503 0.00483980495
-0.43746508275 0.00478496486285351
-0.4349656625 0.00473043761485314
-0.43246624225 0.00467622294367231
-0.429966822 0.00462232084677083
-0.42746740175 0.00456873132161917
-0.4249679815 0.0045154543657091
-0.42246856125 0.00446248997653598
-0.419969141 0.004409838
-0.417469665 0.0043574977245413
-0.414970189 0.00430546987073654
-0.412470713 0.00425375458777211
-0.409971237 0.00420235187321438
-0.407471761 0.00415126172465818
-0.404972285 0.00410048413970898
-0.402472809 0.00405001911597935
-0.399973333 0.00399986655
-0.3974738085 0.00395002577867842
-0.394974284 0.0039004974725465
-0.3924747595 0.00385128173038751
-0.389975235 0.00380237854989929
-0.3874757105 0.00375378792878323
-0.384976186 0.00370550986476204
-0.3824766615 0.00365754435557264
-0.379977137 0.00360989152
-0.377477564 0.003562550077163
-0.374977991 0.00351552131561306
-0.372478418 0.00346880511211722
-0.369978845 0.00342240146448347
-0.367479272 0.00337631037053399
-0.364979699 0.00333053182810872
-0.362480126 0.00328506583506183
-0.359980553 0.00323991245
-0.357480935375 0.00319507069083258
-0.35498131775 0.00315054154658867
-0.352481700125 0.00310632495444452
-0.3499820825 0.00306242091232178
-0.347482464875 0.003018829418167
-0.34498284725 0.00297555046993381
-0.342483229625 0.0029325840655936
-0.339983612 0.0028899305
-0.337483953375 0.00284758818860098
-0.33498429475 0.00280555872222266
-0.332484636125 0.00276384180201816
-0.3299849775 0.00272243742602996
-0.327485318875 0.0026813455923218
-0.32498566025 0.00264056629896459
-0.322486001625 0.00260009954404339
-0.319986343 0.00255994545
-0.3174866435 0.00252010299299954
-0.314986944 0.00248057320334638
-0.3124872445 0.00244135595485417
-0.309987545 0.00240245124567906
-0.3074878455 0.0023638590739985
-0.304988146 0.00232557943800416
-0.3024884465 0.00228761233590546
-0.299988747 0.00224995776
-0.297489010125 0.00221261517027571
-0.29498927325 0.0021755851125782
-0.292489536375 0.00213886759108561
-0.2899897995 0.00210246260407487
-0.287490062625 0.00206637014984423
-0.28499032575 0.00203059022669549
-0.282490588875 0.00199512283295178
-0.279990852 0.00195996789
-0.277491081625 0.00192512516220944
-0.27499131125 0.00189059489030186
-0.272491540875 0.00185637714961473
-0.2699917705 0.00182247193854224
-0.267492000125 0.00178887925549631
-0.26499222975 0.0017555990989031
-0.262492459375 0.00172263146719587
-0.259992689 0.0016899762
-0.25749288325 0.00165763331681745
-0.2549930775 0.00162560280393365
-0.25249327175 0.00159388481869627
-0.249993466 0.00156247935960963
-0.24749366025 0.00153138642521
-0.2449938545 0.00150060601403013
-0.24249404875 0.00147013812463115
-0.239994243 0.00143998268
-0.237494407375 0.0014101395506998
-0.23499457175 0.00138060887082148
-0.232494736125 0.00135139071456791
-0.2299949005 0.00132248508057131
-0.227495064875 0.00129389196747454
-0.22499522925 0.00126561137393466
-0.222495393625 0.00123764329863363
-0.219995558 0.00120998779
-0.217495696375 0.0011826444147367
-0.21499583475 0.00115561361006655
-0.212495973125 0.00112889532497462
-0.2099961115 0.0011024895582068
-0.207496249875 0.00107639630853029
-0.20499638825 0.00105061557471586
-0.202496526625 0.00102514735555559
-0.199996665 0.000999991666
-0.19749677725 0.000975148198453013
-0.1949968895 0.000950617264695808
-0.19249700175 0.000926398847440169
-0.189997114 0.000902492945545674
-0.18749722625 0.000878899557896773
-0.1849973385 0.000855618683385018
-0.18249745075 0.000832650320919726
-0.179997563 0.000809994526
-0.177497654875 0.000787650947003726
-0.17499774675 0.000765619938537299
-0.172497838625 0.000743901442991302
-0.1699979305 0.000722495459349659
-0.167498022375 0.000701401986606953
-0.16499811425 0.000680621023775529
-0.162498206125 0.000660152569881944
-0.159998298 0.000639996608
-0.157498367375 0.000620153007890423
-0.15499843675 0.000600621903540599
-0.152498506125 0.000581403310004447
-0.1499985755 0.000562497226379577
-0.147498644875 0.000543903651777811
-0.14499871425 0.000525622585332286
-0.142498783625 0.000507654026179694
-0.139998853 0.000489998027
-0.137498906625 0.000472654318130594
-0.13499896025 0.000455623171525588
-0.132499013875 0.000438904532874318
-0.1299990675 0.000422498401395188
-0.127499121125 0.000406404776310154
-0.12499917475 0.000390623656876699
-0.122499228375 0.000375155042345199
-0.119999282 0.000359998929
-0.1174993197875 0.000345155232064798
-0.114999357575 0.00033062403887385
-0.1124993953625 0.000316405351732385
-0.10999943315 0.000302499169976045
-0.1074994709375 0.000288905492954683
-0.104999508725 0.000275624320032364
-0.1024995465125 0.000262655650580257
-0.0999995843 0.000249999488
-0.0974996099625 0.000237655760578548
-0.094999635625 0.000225624541883462
-0.0924996612875 0.000213905827351368
-0.08999968695 0.000202499616428042
-0.0874997126125 0.000191405908587683
-0.084999738275 0.000180624703304488
-0.0824997639375 0.000170156000070421
-0.0799997896 0.000159999792
-0.0774998045625 0.000150156056349715
-0.074999819525 0.000140624817603907
-0.0724998344875 0.000131406081706587
-0.06999984945 0.000122499848231428
-0.0674998644125 0.000113906116755658
-0.064999879375 0.000105624886884925
-0.0624998943375 9.76561582248792e-05
-0.0599999093 8.99999359e-05
-0.0574999172625 8.26561829292416e-05
-0.054999925225 7.56249373452533e-05
-0.0524999331875 6.89061933201174e-05
-0.04999994115 6.24999505305368e-05
-0.0474999491125 5.64062086851891e-05
-0.044999957075 5.06249674927517e-05
-0.0424999650375 4.51562266832184e-05
-0.039999973 3.99999881e-05
-0.03749997585 3.51562356186719e-05
-0.0349999787 3.06249861701247e-05
-0.03249998155 2.64062374526475e-05
-0.0299999844 2.24999892566302e-05
-0.02749998725 1.89062414044372e-05
-0.0249999901 1.56249937290909e-05
-0.02249999295 1.26562460742718e-05
-0.0199999958 9.99999884e-06
-0.017499996325 7.65624825049827e-06
-0.01499999685 5.62499842970965e-06
-0.012499997375 3.90624873958245e-06
-0.0099999979 2.49999910550969e-06
-0.007499998425 1.40624945998979e-06
-0.00499999895 6.24999746179355e-07
-0.002499999475 1.5624993565666e-07
0 0
0.002499999475 1.5624993565666e-07
0.00499999895 6.24999746179355e-07
0.007499998425 1.40624945998979e-06
0.0099999979 2.49999910550969e-06
0.012499997375 3.90624873958245e-06
0.01499999685 5.62499842970965e-06
0.017499996325 7.65624825049827e-06
0.0199999958 9.99999884e-06
0.02249999295 1.26562460742718e-05
0.0249999901 1.56249937290909e-05
0.02749998725 1.89062414044372e-05
0.0299999844 2.24999892566302e-05
0.03249998155 2.64062374526475e-05
0.0349999787 3.06249861701247e-05
0.03749997585 3.51562356186719e-05
0.039999973 3.99999881e-05
0.0424999650375 4.51562266832184e-05
0.044999957075 5.06249674927517e-05
0.0474999491125 5.64062086851891e-05
0.04999994115 6.24999505305368e-05
0.0524999331875 6.89061933201174e-05
0.054999925225 7.56249373452533e-05
0.0574999172625 8.26561829292416e-05
0.0599999093 8.99999359e-05
0.0624998943375 9.76561582248792e-05
0.064999879375 0.000105624886884925
0.0674998644125 0.000113906116755658
0.06999984945 0.000122499848231428
0.0724998344875 0.000131406081706587
0.074999819525 0.000140624817603907
0.0774998045625 0.000150156056349715
0.0799997896 0.000159999792
0.0824997639375 0.000170156000070421
0.084999738275 0.000180624703304488
0.0874997126125 0.000191405908587683
0.08999968695 0.000202499616428042
0.0924996612875 0.000213905827351368
0.094999635625 0.000225624541883462
0.0974996099625 0.000237655760578548
0.0999995843 0.000249999488
0.1024995465125 0.000262655650580257
0.104999508725 0.000275624320032364
0.1074994709375 0.000288905492954683
0.10999943315 0.000302499169976045
0.1124993953625 0.000316405351732385
0.114999357575 0.00033062403887385
0.1174993197875 0.000345155232064798
0.119999282 0.000359998929
0.122499228375 0.000375155042345199
0.12499917475 0.000390623656876699
0.127499121125 0.000406404776310154
0.1299990675 0.000422498401395188
0.132499013875 0.000438904532874318
0.13499896025 0.000455623171525588
0.137498906625 0.000472654318130594
0.139998853 0.000489998027
0.142498783625 0.000507654026179694
0.14499871425 0.000525622585332286
0.147498644875 0.000543903651777811
0.1499985755 0.000562497226379577
0.152498506125 0.000581403310004447
0.15499843675 0.000600621903540599
0.157498367375 0.000620153007890423
0.159998298 0.000639996608
0.162498206125 0.000660152569881944
0.16499811425 0.000680621023775529
0.167498022375 0.000701401986606953
0.1699979305 0.000722495459349659
0.172497838625 0.000743901442991302
0.17499774675 0.000765619938537299
0.177497654875 0.000787650947003726
0.179997563 0.000809994526
0.18249745075 0.000832650320919726
0.1849973385 0.000855618683385018
0.18749722625 0.000878899557896773
0.189997114 0.000902492945545674
0.19249700175 0.000926398847440169
0.1949968895 0.000950617264695808
0.19749677725 0.000975148198453013
0.199996665 0.000999991666
0.202496526625 0.00102514735555559
0.20499638825 0.00105061557471586
0.207496249875 0.00107639630853029
0.2099961115 0.0011024895582068
0.212495973125 0.00112889532497462
0.21499583475 0.00115561361006655
0.217495696375 0.0011826444147367
0.219995558 0.00120998779
0.222495393625 0.00123764329863363
0.22499522925 0.00126561137393466
0.227495064875 0.00129389196747454
0.2299949005 0.00132248508057131
0.232494736125 0.00135139071456791
0.23499457175 0.00138060887082148
0.237494407375 0.0014101395506998
0.239994243 0.00143998268
0.24249404875 0.00147013812463115
0.2449938545 0.00150060601403013
0.24749366025 0.00153138642521
0.249993466 0.00156247935960963
0.25249327175 0.00159388481869627
0.2549930775 0.00162560280393365
0.25749288325 0.00165763331681745
0.259992689 0.0016899762
0.262492459375 0.00172263146719587
0.26499222975 0.0017555990989031
0.267492000125 0.00178887925549631
0.2699917705 0.00182247193854224
0.272491540875 0.00185637714961473
0.27499131125 0.00189059489030186
0.277491081625 0.00192512516220944
0.279990852 0.00195996789
0.282490588875 0.00199512283295178
0.28499032575 0.00203059022669549
0.287490062625 0.00206637014984423
0.2899897995 0.00210246260407487
0.292489536375 0.00213886759108561
0.29498927325 0.0021755851125782
0.297489010125 0.00221261517027571
0.299988747 0.00224995776
0.3024884465 0.00228761233590546
0.304988146 0.00232557943800416
0.3074878455 0.0023638590739985
0.309987545 0.00240245124567906
0.3124872445 0.00244135595485417
0.314986944 0.00248057320334638
0.3174866435 0.00252010299299954
0.319986343 0.00255994545
0.322486001625 0.00260009954404339
0.32498566025 0.00264056629896459
0.327485318875 0.0026813455923218
0.3299849775 0.00272243742602996
0.332484636125 0.00276384180201816
0.33498429475 0.00280555872222266
0.337483953375 0.00284758818860098
0.339983612 0.0028899305
0.342483229625 0.0029325840655936
0.34498284725 0.00297555046993381
0.347482464875 0.003018829418167
0.3499820825 0.00306242091232178
0.352481700125 0.00310632495444452
0.35498131775 0.00315054154658867
0.357480935375 0.00319507069083258
0.359980553 0.00323991245
0.362480126 0.00328506583506183
0.364979699 0.00333053182810872
0.367479272 0.00337631037053399
0.369978845 0.00342240146448347
0.372478418 0.00346880511211722
0.374977991 0.00351552131561306
0.377477564 0.003562550077163
0.379977137 0.00360989152
0.3824766615 0.00365754435557264
0.384976186 0.00370550986476204
0.3874757105 0.00375378792878323
0.389975235 0.00380237854989929
0.3924747595 0.00385128173038751
0.394974284 0.0039004974725465
0.3974738085 0.00395002577867842
0.399973333 0.00399986655
0.402472809 0.00405001911597935
0.404972285 0.00410048413970898
0.407471761 0.00415126172465818
0.409971237 0.00420235187321438
0.412470713 0.00425375458777211
0.414970189 0.00430546987073654
0.417469665 0.0043574977245413
0.419969141 0.004409838
0.42246856125 0.00446248997653598
0.4249679815 0.0045154543657091
0.42746740175 0.00456873132161917
0.429966822 0.00462232084677083
0.43246624225 0.00467622294367231
0.4349656625 0.00473043761485314
0.43746508275 0.00478496486285351
0.439964503 0.00483980495
0.442463871 0.00489495594334954
0.444963239 0.00495041976793331
0.447462607 0.00500619616658327
0.449961975 0.00506228514191776
0.452461343 0.00511868669657289
0.454960711 0.0051754008331848
0.457460079 0.005232427554418
0.459959447 0.00528976694
0.4624587555 0.0053474173852841
0.464958064 0.00540538048542061
0.4674573725 0.00546365616608213
0.469956681 0.00552224443000071
0.4724559895 0.00558114527992615
0.474955298 0.0056403587186189
0.4774546065 0.00569988474885719
0.479953915 0.00575972348
0.482453163875 0.00581987315641541
0.48495241275 0.00588033552444855
0.487451661625 0.00594111048036794
0.4899509105 0.00600219802702284
0.492450159375 0.0060635981672803
0.49494940825 0.00612531090401802
0.497448657125 0.00618733624013146
0.499947906 0.0062496746
0.5024470915 0.00631232312950303
0.504946277 0.00637528467277093
0.5074454625 0.0064385588112863
0.509944648 0.00650214554801565
0.5124438335 0.0065660448859397
0.514943019 0.00663025682806051
0.5174422045 0.00669478137738722
0.51994139 0.00675961934
0.522440515875 0.00682476675172339
0.52493964175 0.00689022756791502
0.527438767625 0.00695600098858762
0.5299378935 0.00702208701683205
0.532437019375 0.00708848565574627
0.53493614525 0.00715519690844246
0.537435271125 0.00722222077805412
0.539934397 0.00728955725
0.542433448375 0.00735720435929821
0.54493249975 0.00742516405862759
0.547431551125 0.00749343636889321
0.5499306025 0.00756202129330319
0.552429653875 0.00763091883506917
0.55492870525 0.00770012899742767
0.557427756625 0.00776965178362232
0.559926808 0.00783948787
0.562425792375 0.00790963335571249
0.56492477675 0.00798009213141171
0.567423761125 0.00805086352731976
0.5699227455 0.00812194754675488
0.572421729875 0.00819334419305306
0.57492071425 0.00826505346956452
0.577419698625 0.00833707537965367
0.579918683 0.00840941072
0.58241760025 0.00848205515851674
0.5849165175 0.00855501301730044
0.58741543475 0.00862828350647149
0.589914352 0.00870186662946182
0.59241326925 0.00877576238972466
0.5949121865 0.00884997079073102
0.59741110375 0.008924491835959
0.599910021 0.00899932534
0.60240885625 0.00907446940208345
0.6049076915 0.00914992590950092
0.60740652675 0.00922569505469539
0.609905362 0.00930177684121958
0.61240419725 0.00937817127264751
0.6149030325 0.00945487835256031
0.61740186775 0.0095318980845569
0.619900703 0.00960923079
0.622399463875 0.00968687320360928
0.62489822475 0.00976482857932126
0.627396985625 0.00984309660305271
0.6298957465 0.00992167727847004
0.632394507375 0.0100005706092645
0.63489326825 0.0100797765991345
0.637392029125 0.0101592952518033
0.63989079 0.0102391262
0.642389468875 0.0103192679253006
0.64488814775 0.0103997219331191
0.647386826625 0.010480488598219
0.6498855055 0.0105615679244018
0.652384184375 0.0106429599154616
0.65488286325 0.0107246645752177
0.657381542125 0.0108066819075106
0.659880221 0.0108890114
0.662378817875 0.0109716518878642
0.66487741475 0.0110546045231459
0.667376011625 0.0111378698259195
0.6698746085 0.0112214478000929
0.672373205375 0.011305338449592
0.67487180225 0.0113895417783532
0.677370399125 0.0114740577903234
0.679868996 0.0115588866
0.682367511 0.0116440250847134
0.684866026 0.0117294763546134
0.687364541 0.0118152403031893
0.689863056 0.0119013169344626
0.692361571 0.0119877062524694
0.694860086 0.0120744082612703
0.697358601 0.0121614229649296
0.699857116 0.0122487498
0.702355534 0.0123363870646571
0.704853952 0.0124243364446528
0.70735237 0.0125125985116519
0.709850788 0.0126011732698004
0.712349206 0.0126900607232479
0.714847624 0.0127792608761759
0.717346042 0.0128687737327624
0.71984446 0.0129586002
0.72234279625 0.0130487346192361
0.7248411325 0.0131391826371043
0.72733946875 0.0132299433550678
0.729837805 0.013321016777379
0.73233614125 0.0134124029083189
0.7348344775 0.0135041017521722
0.73733281375 0.0135961133132412
0.73983115 0.0136884386
0.742329396625 0.0137810712754778
0.74482764325 0.0138740176628858
0.747325889875 0.0139672767624397
0.7498241365 0.0140608485785165
0.752322383125 0.014154733115511
0.75482062975 0.0142489303778284
0.757318876375 0.0143434403698883
0.759817123 0.0144382622
0.7623152655 0.0145333945893142
0.764813408 0.0146288387995313
0.7673115505 0.0147245957312556
0.769809693 0.0148206653889851
0.7723078355 0.014917047777228
0.774805978 0.0150137429005106
0.7773041205 0.0151107507633732
0.779802263 0.015208072
0.782300316 0.0153057012225908
0.784798369 0.0154036438056906
0.787296422 0.0155018991242599
0.789794475 0.0156004671829209
0.792292528 0.0156993479862955
0.794790581 0.0157985415390272
0.797288634 0.0158980478457735
0.799786687 0.0159978662
0.80228463575 0.0160979945547304
0.8047825845 0.0161984349402253
0.80728053325 0.0162991880724057
0.809778482 0.0164002539560002
0.81227643075 0.0165016325957552
0.8147743795 0.0166033239964349
0.81727232825 0.0167053281628071
0.819770277 0.0168076456
0.82226812875 0.0169102708204321
0.8247659805 0.0170132092970192
0.82726383225 0.017116460534254
0.829761684 0.0172200245369893
0.83225953575 0.0173239013100854
0.8347573875 0.0174280908584201
0.83725523925 0.0175325931868855
0.839753091 0.0176374074
0.842250831125 0.0177425314988682
0.84474857125 0.017847967464288
0.847246311375 0.0179537162015997
0.8497440515 0.0180597777157701
0.852241791625 0.0181661520117764
0.85473953175 0.018272839094621
0.857237271875 0.018379838969306
0.859735012 0.0184871517
0.86223264775 0.0185947726103599
0.8647302835 0.0187027063606813
0.86722791925 0.0188109528968887
0.869725555 0.0189195122240733
0.87222319075 0.019028384347326
0.8747208265 0.0191375692717628
0.87721846225 0.0192470670025102
0.879716098 0.0193568766
0.882213622 0.0194669959693599
0.884711146 0.019577427187798
0.88720867 0.0196881712052139
0.889706194 0.0197992280268124
0.892203718 0.0199105976578018
0.894701242 0.0200222801034222
0.897198766 0.020134275368914
0.89969629 0.020246584
0.902193702375 0.0203591993400707
0.90469111475 0.0204721280283415
0.907188527125 0.0205853695296483
0.9096859395 0.0206989238493129
0.912183351875 0.0208127909926716
0.91468076425 0.0209269709650677
0.917178176625 0.0210414637718692
0.919675589 0.0211562682
0.922172882 0.0212713824001334
0.924670175 0.0213868082024895
0.927167468 0.0215025468309449
0.929664761 0.0216185982909316
0.932162054 0.0217349625879066
0.934659347 0.0218516397273305
0.93715664 0.0219686297146922
0.939653933 0.022085933
0.94215111425 0.0222035429850891
0.9446482955 0.0223214662511673
0.94714547675 0.0224397023592466
0.949642658 0.0225582513148908
0.95213983925 0.0226771131236667
0.9546370205 0.0227962877911523
0.95713420175 0.0229157753229572
0.959631383 0.0230355766
0.962128445125 0.0231556832646511
0.96462550725 0.0232761036559701
0.967122569375 0.0233968369042898
0.9696196315 0.0235178830152911
0.972116693625 0.0236392419946618
0.97461375575 0.0237609138481005
0.977110817875 0.0238828985813235
0.97960788 0.024005197
0.9821048155 0.0241278004846137
0.984601751 0.0242507176344517
0.9870986865 0.0243739476553593
0.989595622 0.0244974905531237
0.9920925575 0.0246213463335536
0.994589493 0.0247455150024685
0.9970864285 0.0248699965657018
0.999583364 0.0249947924
1.00208017225 0.0251198920147857
1.0045769805 0.0252453058804853
1.00707378875 0.0253710326321013
1.009570597 0.0254970722755381
1.01206740525 0.0256234248167182
1.0145642135 0.0257500902615853
1.01706102175 0.025877068616083
1.01955783 0.0260043629
1.02205452 0.0261319580270687
1.02455121 0.0262598690658962
1.0270479 0.0263880930086771
1.02954459 0.0265166298614368
1.03204128 0.0266454796302185
1.03453797 0.0267746423210795
1.03703466 0.0269041179400844
1.03953135 0.0270339083
1.042027905 0.0271640009436496
1.04452446 0.0272944083065774
1.047021015 0.0274251285882414
1.04951757 0.0275561617947879
1.052014125 0.0276875079323737
1.05451068 0.027819167007177
1.057007235 0.0279511390253795
1.05950379 0.028083425
1.06200021125 0.0282160148046628
1.0644966325 0.0283489185446619
1.06699305375 0.0284821352194342
1.069489475 0.0286156648352431
1.07198589625 0.0287495073983628
1.0744823175 0.0288836629150886
1.07697873875 0.029018131391723
1.07947516 0.0291529149
1.0819714475 0.029288000003735
1.084467735 0.0294234001182616
1.0869640225 0.0295591131845399
1.08946031 0.0296951392089504
1.0919565975 0.029831478197881
1.094452885 0.0299681301577515
1.0969491725 0.0301050950949779
1.09944546 0.030242376
1.10194161375 0.0303799565468417
1.1044377675 0.0305178530408661
1.10693392125 0.0306560625045549
1.109430075 0.0307945849444096
1.11192622875 0.0309334203669458
1.1144223825 0.0310725687786864
1.11691853625 0.0312120301861789
1.11941469 0.0313518047
1.12191070875 0.0314918844298226
1.1244067275 0.0316322772452757
1.12690274625 0.0317729830489419
1.129398765 0.0319140018474364
1.13189478375 0.0320553336473921
1.1343908025 0.0321969784554561
1.13688682125 0.0323389362782898
1.13938284 0.0324812047
1.141878695 0.0326237816305692
1.14437455 0.0327666691323429
1.146870405 0.032909869634608
1.14936626 0.0330533831440931
1.151862115 0.0331972096675486
1.15435797 0.0333413492117423
1.156853825 0.0334858017834563
1.15934968 0.0336305723
1.16184541625 0.033775639126489
1.1643411525 0.033921023881657
1.16683688875 0.0340667216618158
1.169332625 0.0342127324738186
1.17182836125 0.0343590563245364
1.1743240975 0.0345056932208472
1.17681983375 0.0346526431696503
1.17931557 0.0347999036
1.18181114125 0.034947472485392
1.1843067125 0.0350953518248076
1.18680228375 0.0352435442030554
1.189297855 0.0353920496271094
1.19179342625 0.0355408681039577
1.1942889975 0.0356899996405957
1.19678456875 0.0358394442440471
1.19928014 0.0359892026
1.20177556375 0.036139263800365
1.2042709875 0.0362896387303344
1.20676641125 0.0364403267183135
1.209261835 0.0365913277713901
1.21175725875 0.0367426418966694
1.2142526825 0.0368942691012748
1.21674810625 0.0370462093923329
1.21924353 0.0371984616
1.22173880375 0.0373510200822409
1.2242340775 0.0375038904577956
1.22672935125 0.0376570739108431
1.229224625 0.0378105704485989
1.23171989875 0.0379643800782858
1.2342151725 0.0381185028071371
1.23671044625 0.0382729386424039
1.23920572 0.0384276882
1.241700845 0.0385827404082768
1.24419597 0.0387381063161278
1.246691095 0.0388937853222231
1.24918622 0.0390497774338883
1.251681345 0.0392060826584597
1.25417647 0.0393627010032986
1.256671595 0.0395196324757698
1.25916672 0.0396768749
1.26166168125 0.0398344244827129
1.2641566425 0.0399922849908911
1.26665160375 0.040150458615237
1.269146565 0.04030894536319
1.27164152625 0.0404677452422106
1.2741364875 0.040626858259774
1.27663144875 0.0407862844233655
1.27912641 0.0409460217
1.28162120625 0.0411060656235165
1.2841160025 0.0412664206337148
1.28661079875 0.0414270887786188
1.289105595 0.0415880700658029
1.29160039125 0.0417493645028379
1.2940951875 0.0419109720973196
1.29658998375 0.0420728928568543
1.29908478 0.0422351249
1.30157941375 0.0423976633037846
1.3040740475 0.0425605129656716
1.30656868125 0.0427236757823941
1.309063315 0.0428871517616258
1.31155794875 0.0430509409110655
1.3140525825 0.0432150432384262
1.31654721625 0.0433794587514313
1.31904185 0.0435441919
1.32153633375 0.0437092194321202
1.3240308175 0.0438745645776635
1.32652530125 0.0440402229022432
1.329019785 0.0442061944136505
1.33151426875 0.0443724791197013
1.3340087525 0.0445390770282295
1.33650323625 0.0447059881470722
1.33899772 0.0448732115
1.341492025 0.0450407380305222
1.34398633 0.0452085767660009
1.346480635 0.0453767286984359
1.34897494 0.0455451938357392
1.351469245 0.0457139721858475
1.35396355 0.0458830637567083
1.356457855 0.0460524685562831
1.35895216 0.0462221839
1.3614462875 0.0463922057625759
1.363940415 0.0465625381407122
1.3664345425 0.0467331837349789
1.36892867 0.0469041425534158
1.3714227975 0.0470754146040733
1.373916925 0.0472469998950125
1.3764110525 0.0474188984343229
1.37890518 0.0475911126
1.3813991575 0.0477636249051443
1.383893135 0.0479364528152146
1.3863871125 0.0481095939684479
1.38888109 0.0482830483729941
1.3913750675 0.048456816037028
1.393869045 0.0486308969687315
1.3963630225 0.0488052911763042
1.398857 0.0489799939
1.40135078375 0.0491550058429056
1.4038445675 0.0493303262697289
1.40633835125 0.0495059599566936
1.408832135 0.0496819069120775
1.41132591875 0.049858167144162
1.4138197025 0.0500347406612569
1.41631348625 0.0502116274716755
1.41880727 0.0503888279
1.421300875 0.0505663282707651
1.42379448 0.0507441422312311
1.426288085 0.0509222694735314
1.42878169 0.051100710006061
1.431275295 0.0512794638372185
1.4337689 0.0514585309754345
1.436262505 0.0516379114291396
1.43875611 0.0518176071
1.44124955125 0.0519976004858655
1.4437429925 0.0521779090646817
1.44623643375 0.0523585309517323
1.448729875 0.0525394661555367
1.45122331625 0.0527207146846109
1.4537167575 0.0529022765475062
1.45621019875 0.0530841517527705
1.45870364 0.053266339
1.4611968875 0.053448828031442
1.463690135 0.0536316290733332
1.4661833825 0.0538147434432759
1.46867663 0.0539981711498925
1.4711698775 0.0541819122018303
1.473663125 0.0543659666077509
1.4761563725 0.054550334376323
1.47864962 0.0547350161
1.4811426875 0.05491999666922
1.483635755 0.0551052911657237
1.4861288225 0.0552908990144765
1.48862189 0.0554768202242322
1.4911149575 0.0556630548037589
1.493608025 0.0558496027618247
1.4961010925 0.0560364641072333
1.49859416 0.0562236384
1.501087035 0.0564111125064848
1.50357991 0.0565988995295896
1.506072785 0.0567869999269597
1.50856566 0.056975413707459
1.511058535 0.0571641408799728
1.51355141 0.0573531814533972
1.516044285 0.0575425354366423
1.51853716 0.0577322021
1.52102985625 0.0579221700346366
1.5235225525 0.0581124506223354
1.52601524875 0.0583030446107102
1.528507945 0.0584939520087424
1.53100064125 0.0586851728254381
1.5334933375 0.0588767070698069
1.53598603375 0.0590685547508834
1.53847873 0.0592607111
1.5409712175 0.0594531743275262
1.543463705 0.0596459461887271
1.5459561925 0.0598390314704105
1.54844868 0.0600324301816819
1.5509411675 0.0602261423316612
1.553433655 0.0604201679294825
1.5559261425 0.0606145069842974
1.55841863 0.0608091615
1.56091093875 0.0610041115082574
1.5634032475 0.0611993769508175
1.56589555625 0.0613949558421574
1.568387865 0.0615908481915071
1.57088017375 0.0617870540080965
1.5733724825 0.061983573301184
1.57586479125 0.0621804060800422
1.5783571 0.0623775497
1.5808492 0.062574995580313
1.5833413 0.0627727522678221
1.5858334 0.0629708224258145
1.5883255 0.0631692060636233
1.5908176 0.0633679031906134
1.5933097 0.0635669138161568
1.5958018 0.0637662379496362
1.5982939 0.0639658719
1.60078580625 0.0641658112205263
1.6032777125 0.0643660603280338
1.60576961875 0.0645666229324355
1.608261525 0.0647674990431888
1.61075343125 0.0649686886697793
1.6132453375 0.0651701918216894
1.61573724375 0.0653720085084331
1.61822915 0.0655741319
1.6207208475 0.0657765655524258
1.623212545 0.0659793058762332
1.6257042425 0.0661823597205178
1.62819594 0.0663857270948611
1.6306876375 0.0665894080088556
1.633179335 0.066793402472122
1.6356710325 0.0669977104942774
1.63816273 0.0672023296
1.64065421875 0.0674072500716107
1.6431457075 0.0676124815935744
1.64563719625 0.067818026660543
1.648128685 0.0680238852822193
1.65062017375 0.0682300574683161
1.6531116625 0.0684365432285645
1.65560315125 0.0686433425727131
1.65809464 0.0688504577
1.66058593625 0.0690578660132388
1.6630772325 0.0692655900807253
1.66556852875 0.0694736277227861
1.668059825 0.0696819789492338
1.67055112125 0.0698906437699058
1.6730424175 0.0700996221946504
1.67553371375 0.0703089142333368
1.67802501 0.0705185235
1.68051609625 0.0707284214840236
1.6830071825 0.0709386366629552
1.68549826875 0.0711491654425593
1.687989355 0.0713600078327801
1.69048044125 0.0715711638435685
1.6929715275 0.0717826334848937
1.69546261375 0.0719944167667386
1.6979537 0.0722065121
1.70044456375 0.0724189053058168
1.7029354275 0.0726316105270577
1.70542629125 0.0728446293728808
1.707917155 0.0730579618533369
1.71040801875 0.0732716079785014
1.7128988825 0.073485567758464
1.71538974625 0.0736998412033252
1.71788061 0.0739144236
1.72037126375 0.0741293109971402
1.7228619175 0.0743445073134872
1.72535257125 0.0745600172824048
1.727843225 0.0747758409140715
1.73033387875 0.0749919782186801
1.7328245325 0.0752084292064374
1.73531518625 0.0754251938875719
1.73780584 0.0756422728
1.74029627125 0.0758596449364148
1.7427867025 0.0760773312685927
1.74527713375 0.076295331279141
1.747767565 0.0765136449783483
1.75025799625 0.0767322723765282
1.7527484275 0.0769512134840085
1.75523885875 0.0771704683111345
1.75772929 0.0773900375
1.7602195125 0.077609900721896
1.762709735 0.0778300782736956
1.7651999575 0.0780505695340636
1.76769018 0.0782713745134167
1.7701804025 0.078492493222182
1.772670625 0.0787139256708116
1.7751608475 0.0789356718697611
1.77765107 0.079157725
1.78014105375 0.0793800842254448
1.7826310375 0.0796027503430139
1.78512102125 0.0798257301927379
1.787611005 0.0800490237851506
1.79010098875 0.0802726311308106
1.7925909725 0.0804965522402767
1.79508095625 0.0807207871241324
1.79757094 0.0809453428
LevelSetWear, written by Inigo Llavori. Lines after the data are not read.
If you use it, please cite I. Llavori, Wear simulation on a fixed mesh with level sets
and immersed frictional contact, submitted for publication. Mondragon Unibertsitatea.
https://github.com/illavori/LevelSetWear       BSD 3-Clause
