STEP   1 TIME  1.00000000E+00
     1 -9.90000010E-01  0.00000000E+00  0.00000000E+00  0.00000000E+00  8.09688835E-02  0.
     2 -9.80000019E-01  0.00000000E+00  0.00000000E+00  0.00000000E+00  7.93491687E-02  0.
     3 -9.70000029E-01  0.00000000E+00  0.00000000E+00  0.00000000E+00  7.77454771E-02  0.
     4 -9.59999979E-01  0.00000000E+00  0.00000000E+00  0.00000000E+00  7.61578067E-02  0.
     5 -9.49999988E-01  0.00000000E+00  0.00000000E+00  0.00000000E+00  7.45861899E-02  0.
     6 -9.39999998E-01  0.00000000E+00  0.00000000E+00  0.00000000E+00  7.30306312E-02  0.
     7 -9.30000007E-01  0.00000000E+00  0.00000000E+00  0.00000000E+00  7.14911590E-02  0.
     8 -9.20000017E-01  0.00000000E+00  0.00000000E+00  0.00000000E+00  6.99677799E-02  0.
     9 -9.10000026E-01  0.00000000E+00  0.00000000E+00  0.00000000E+00  6.84605048E-02  0.
    10 -8.99999976E-01  0.00000000E+00  0.00000000E+00  0.00000000E+00  6.69693271E-02  0.
    11 -8.89999986E-01  0.00000000E+00  0.00000000E+00  0.00000000E+00  6.54942798E-02  0.
    12 -8.79999995E-01  0.00000000E+00  0.00000000E+00  0.00000000E+00  6.40353615E-02  0.
    13 -8.70000005E-01  0.00000000E+00  0.00000000E+00  0.00000000E+00  6.25925896E-02  0.
    14 -8.60000014E-01  0.00000000E+00  0.00000000E+00  0.00000000E+00  6.11659898E-02  0.
    15 -8.50000024E-01  0.00000000E+00  0.00000000E+00  0.00000000E+00  5.97555169E-02  0.
    16 -8.39999974E-01  0.00000000E+00  0.00000000E+00  0.00000000E+00  5.83612996E-02  0.
    17 -8.29999983E-01  0.00000000E+00  0.00000000E+00  0.00000000E+00  5.69832510E-02  0.
    18 -8.19999993E-01  0.00000000E+00  0.00000000E+00  0.00000000E+00  5.56214008E-02  0.
    19 -8.10000002E-01  0.00000000E+00  0.00000000E+00  0.00000000E+00  5.42757611E-02  0.
    20 -8.00000012E-01  0.00000000E+00  0.00000000E+00  0.00000000E+00  5.29463481E-02  0.
    21 -7.90000021E-01  0.00000000E+00  0.00000000E+00  0.00000000E+00  5.16331681E-02  0.
    22 -7.79999971E-01  0.00000000E+00  0.00000000E+00  0.00000000E+00  5.03362288E-02  0.
    23 -7.69999981E-01  0.00000000E+00  0.00000000E+00  0.00000000E+00  4.90555553E-02  0.
    24 -7.59999990E-01  0.00000000E+00  0.00000000E+00  0.00000000E+00  4.77911562E-02  0.
    25 -7.50000000E-01  0.00000000E+00  0.00000000E+00  0.00000000E+00  4.65430379E-02  0.
    26 -7.40000010E-01  0.00000000E+00  0.00000000E+00  0.00000000E+00  4.53112073E-02  0.
    27 -7.30000019E-01  0.00000000E+00  0.00000000E+00  0.00000000E+00  4.40956836E-02  0.
    28 -7.20000029E-01  0.00000000E+00  0.00000000E+00  0.00000000E+00  4.28964683E-02  0.
    29 -7.09999979E-01  0.00000000E+00  0.00000000E+00  0.00000000E+00  4.17135646E-02  0.
    30 -6.99999988E-01  0.00000000E+00  0.00000000E+00  0.00000000E+00  4.05469946E-02  0.
    31 -6.89999998E-01  0.00000000E+00  0.00000000E+00  0.00000000E+00  3.93967637E-02  0.
    32 -6.80000007E-01  0.00000000E+00  0.00000000E+00  0.00000000E+00  3.82628797E-02  0.
    33 -6.70000017E-01  0.00000000E+00  0.00000000E+00  0.00000000E+00  3.71453541E-02  0.
    34 -6.60000026E-01  0.00000000E+00  0.00000000E+00  0.00000000E+00  3.60441920E-02  0.
    35 -6.49999976E-01  0.00000000E+00  0.00000000E+00  0.00000000E+00  3.49594013E-02  0.
    36 -6.39999986E-01  0.00000000E+00  0.00000000E+00  0.00000000E+00  3.38910034E-02  0.
    37 -6.29999995E-01  0.00000000E+00  0.00000000E+00  0.00000000E+00  3.28389979E-02  0.
    38 -6.20000005E-01  0.00000000E+00  0.00000000E+00  0.00000000E+00  3.18033937E-02  0.
    39 -6.10000014E-01  0.00000000E+00  0.00000000E+00  0.00000000E+00  3.07842083E-02  0.
    40 -6.00000024E-01  0.00000000E+00  0.00000000E+00  0.00000000E+00  2.97814474E-02  0.
    41 -5.89999974E-01  0.00000000E+00  0.00000000E+00  0.00000000E+00  2.87951011E-02  0.
    42 -5.79999983E-01  0.00000000E+00  0.00000000E+00  0.00000000E+00  2.78251994E-02  0.
    43 -5.69999993E-01  0.00000000E+00  0.00000000E+00  0.00000000E+00  2.68717469E-02  0.
    44 -5.60000002E-01  0.00000000E+00  0.00000000E+00  0.00000000E+00  2.59347491E-02  0.
    45 -5.50000012E-01  0.00000000E+00  0.00000000E+00  0.00000000E+00  2.50142085E-02  0.
    46 -5.40000021E-01  0.00000000E+00  0.00000000E+00  0.00000000E+00  2.41101423E-02  0.
    47 -5.29999971E-01  0.00000000E+00  0.00000000E+00  0.00000000E+00  2.32225455E-02  0.
    48 -5.19999981E-01  0.00000000E+00  0.00000000E+00  0.00000000E+00  2.23514417E-02  0.
    49 -5.09999990E-01  0.00000000E+00  0.00000000E+00  0.00000000E+00  2.14968292E-02  0.
    50 -5.00000000E-01  0.00000000E+00  0.00000000E+00  0.00000000E+00  2.06587176E-02  0.
    51 -4.90000010E-01  0.00000000E+00  0.00000000E+00  0.00000000E+00  1.98371126E-02  0.
    52 -4.79999989E-01  0.00000000E+00  0.00000000E+00  0.00000000E+00  1.90320210E-02  0.
    53 -4.69999999E-01  0.00000000E+00  0.00000000E+00  0.00000000E+00  1.82434520E-02  0.
    54 -4.60000008E-01  0.00000000E+00  0.00000000E+00  0.00000000E+00  1.74714123E-02  0.
    55 -4.49999988E-01  0.00000000E+00  0.00000000E+00  0.00000000E+00  1.67159074E-02  0.
    56 -4.39999998E-01  0.00000000E+00  0.00000000E+00  0.00000000E+00  1.59769463E-02  0.
    57 -4.30000007E-01  0.00000000E+00  0.00000000E+00  0.00000000E+00  1.52545358E-02  0.
    58 -4.19999987E-01  0.00000000E+00  0.00000000E+00  0.00000000E+00  1.45486796E-02  0.
    59 -4.09999996E-01  0.00000000E+00  0.00000000E+00  0.00000000E+00  1.38593880E-02  0.
    60 -4.00000006E-01  0.00000000E+00  0.00000000E+00  0.00000000E+00  1.31866658E-02  0.
    61 -3.89999986E-01  0.00000000E+00  0.00000000E+00  0.00000000E+00  1.25305187E-02  0.
    62 -3.79999995E-01  0.00000000E+00  0.00000000E+00  0.00000000E+00  1.18909546E-02  0.
    63 -3.70000005E-01  0.00000000E+00  0.00000000E+00  0.00000000E+00  1.12679806E-02  0.
    64 -3.60000014E-01  0.00000000E+00  0.00000000E+00  0.00000000E+00  1.06616017E-02  0.
    65 -3.49999994E-01  0.00000000E+00  0.00000000E+00  0.00000000E+00  1.00718223E-02  0.
    66 -3.40000004E-01  0.00000000E+00  0.00000000E+00  0.00000000E+00  9.49865251E-03  0.
    67 -3.30000013E-01  0.00000000E+00  0.00000000E+00  0.00000000E+00  8.94209660E-03  0.
    68 -3.19999993E-01  0.00000000E+00  0.00000000E+00  0.00000000E+00  8.40215912E-03  0.
    69 -3.10000002E-01  0.00000000E+00  0.00000000E+00  0.00000000E+00  7.87885064E-03  0.
    70 -3.00000012E-01  0.00000000E+00  0.00000000E+00  0.00000000E+00  7.37217570E-03  0.
    71 -2.89999992E-01  0.00000000E+00  0.00000000E+00  0.00000000E+00  6.88213902E-03  0.
    72 -2.80000001E-01  0.00000000E+00  0.00000000E+00  0.00000000E+00  6.40874991E-03  0.
    73 -2.70000011E-01  0.00000000E+00  0.00000000E+00  0.00000000E+00  5.95201424E-03  0.
    74 -2.59999990E-01  0.00000000E+00  0.00000000E+00  0.00000000E+00  5.51193831E-03  0.
    75 -2.50000000E-01  0.00000000E+00  0.00000000E+00  0.00000000E+00  5.08852997E-03  0.
    76 -2.39999995E-01  0.00000000E+00  0.00000000E+00  0.00000000E+00  4.68179567E-03  0.
    77 -2.30000004E-01  0.00000000E+00  0.00000000E+00  0.00000000E+00  4.29174221E-03  0.
    78 -2.19999999E-01  0.00000000E+00  0.00000000E+00  0.00000000E+00  3.91838251E-03  0.
    79 -2.09999993E-01  0.00000000E+00  0.00000000E+00  0.00000000E+00  3.56171926E-03  0.
    80 -2.00000003E-01  0.00000000E+00  0.00000000E+00  0.00000000E+00  3.22176401E-03  0.
    81 -1.89999998E-01  0.00000000E+00  0.00000000E+00  0.00000000E+00  2.89852571E-03  0.
    82 -1.80000007E-01  0.00000000E+00  0.00000000E+00  0.00000000E+00  2.59201695E-03  0.
    83 -1.70000002E-01  0.00000000E+00  0.00000000E+00  0.00000000E+00  2.30224891E-03  0.
    84 -1.59999996E-01  0.00000000E+00  0.00000000E+00  0.00000000E+00  2.02923661E-03  0.
    85 -1.50000006E-01  0.00000000E+00  0.00000000E+00  0.00000000E+00  1.77299668E-03  0.
    86 -1.40000001E-01  0.00000000E+00  0.00000000E+00  0.00000000E+00  1.53354780E-03  0.
    87 -1.29999995E-01  0.00000000E+00  0.00000000E+00  0.00000000E+00  1.31091345E-03  0.
    88 -1.19999997E-01  0.00000000E+00  0.00000000E+00  0.00000000E+00  1.10512185E-03  0.
    89 -1.09999999E-01  0.00000000E+00  0.00000000E+00  0.00000000E+00  9.16207807E-04  0.
    90 -1.00000001E-01  0.00000000E+00  0.00000000E+00  0.00000000E+00  7.44216059E-04  0.
    91 -9.00000036E-02  0.00000000E+00  0.00000000E+00  0.00000000E+00  5.89205340E-04  0.
    92 -7.99999982E-02  0.00000000E+00  0.00000000E+00  0.00000000E+00  4.51255674E-04  0.
    93 -7.00000003E-02  0.00000000E+00  0.00000000E+00  0.00000000E+00  3.30479136E-04  0.
    94 -5.99999987E-02  0.00000000E+00  0.00000000E+00  0.00000000E+00  2.27049360E-04  0.
    95 -5.00000007E-02  0.00000000E+00  0.00000000E+00  0.00000000E+00  1.41222279E-04  0.
    96 -3.99999991E-02  0.00000000E+00  0.00000000E+00  0.00000000E+00  7.35391958E-05  0.
    97 -2.99999993E-02  0.00000000E+00  0.00000000E+00  0.00000000E+00  2.48292304E-05  0.
    98 -1.99999996E-02  3.93736258E+01  6.97936724E-01  0.00000000E+00 -1.96868129E-07  1.
    99 -9.99999978E-03  1.42161966E+02  1.13860959E-01  0.00000000E+00 -7.10809829E-07  1.
   100  0.00000000E+00  1.73331932E+02 -2.58590882E-13  0.00000000E+00 -8.66659660E-07  1.
   101  9.99999978E-03  1.42161966E+02 -1.13860959E-01  0.00000000E+00 -7.10809829E-07  1.
   102  1.99999996E-02  3.93736258E+01 -6.97936724E-01  0.00000000E+00 -1.96868129E-07  1.
   103  2.99999993E-02  0.00000000E+00  0.00000000E+00  0.00000000E+00  2.48292304E-05  0.
   104  3.99999991E-02  0.00000000E+00  0.00000000E+00  0.00000000E+00  7.35391958E-05  0.
   105  5.00000007E-02  0.00000000E+00  0.00000000E+00  0.00000000E+00  1.41222279E-04  0.
   106  5.99999987E-02  0.00000000E+00  0.00000000E+00  0.00000000E+00  2.27049360E-04  0.
   107  7.00000003E-02  0.00000000E+00  0.00000000E+00  0.00000000E+00  3.30479136E-04  0.
   108  7.99999982E-02  0.00000000E+00  0.00000000E+00  0.00000000E+00  4.51255674E-04  0.
   109  9.00000036E-02  0.00000000E+00  0.00000000E+00  0.00000000E+00  5.89205340E-04  0.
   110  1.00000001E-01  0.00000000E+00  0.00000000E+00  0.00000000E+00  7.44216059E-04  0.
   111  1.09999999E-01  0.00000000E+00  0.00000000E+00  0.00000000E+00  9.16207807E-04  0.
   112  1.19999997E-01  0.00000000E+00  0.00000000E+00  0.00000000E+00  1.10512185E-03  0.
   113  1.29999995E-01  0.00000000E+00  0.00000000E+00  0.00000000E+00  1.31091345E-03  0.
   114  1.40000001E-01  0.00000000E+00  0.00000000E+00  0.00000000E+00  1.53354780E-03  0.
   115  1.50000006E-01  0.00000000E+00  0.00000000E+00  0.00000000E+00  1.77299668E-03  0.
   116  1.59999996E-01  0.00000000E+00  0.00000000E+00  0.00000000E+00  2.02923661E-03  0.
   117  1.70000002E-01  0.00000000E+00  0.00000000E+00  0.00000000E+00  2.30224891E-03  0.
   118  1.80000007E-01  0.00000000E+00  0.00000000E+00  0.00000000E+00  2.59201695E-03  0.
   119  1.89999998E-01  0.00000000E+00  0.00000000E+00  0.00000000E+00  2.89852571E-03  0.
   120  2.00000003E-01  0.00000000E+00  0.00000000E+00  0.00000000E+00  3.22176401E-03  0.
   121  2.09999993E-01  0.00000000E+00  0.00000000E+00  0.00000000E+00  3.56171926E-03  0.
   122  2.19999999E-01  0.00000000E+00  0.00000000E+00  0.00000000E+00  3.91838251E-03  0.
   123  2.30000004E-01  0.00000000E+00  0.00000000E+00  0.00000000E+00  4.29174221E-03  0.
   124  2.39999995E-01  0.00000000E+00  0.00000000E+00  0.00000000E+00  4.68179567E-03  0.
   125  2.50000000E-01  0.00000000E+00  0.00000000E+00  0.00000000E+00  5.08852997E-03  0.
   126  2.59999990E-01  0.00000000E+00  0.00000000E+00  0.00000000E+00  5.51193831E-03  0.
   127  2.70000011E-01  0.00000000E+00  0.00000000E+00  0.00000000E+00  5.95201424E-03  0.
   128  2.80000001E-01  0.00000000E+00  0.00000000E+00  0.00000000E+00  6.40874991E-03  0.
   129  2.89999992E-01  0.00000000E+00  0.00000000E+00  0.00000000E+00  6.88213902E-03  0.
   130  3.00000012E-01  0.00000000E+00  0.00000000E+00  0.00000000E+00  7.37217570E-03  0.
   131  3.10000002E-01  0.00000000E+00  0.00000000E+00  0.00000000E+00  7.87885064E-03  0.
   132  3.19999993E-01  0.00000000E+00  0.00000000E+00  0.00000000E+00  8.40215912E-03  0.
   133  3.30000013E-01  0.00000000E+00  0.00000000E+00  0.00000000E+00  8.94209660E-03  0.
   134  3.40000004E-01  0.00000000E+00  0.00000000E+00  0.00000000E+00  9.49865251E-03  0.
   135  3.49999994E-01  0.00000000E+00  0.00000000E+00  0.00000000E+00  1.00718223E-02  0.
   136  3.60000014E-01  0.00000000E+00  0.00000000E+00  0.00000000E+00  1.06616017E-02  0.
   137  3.70000005E-01  0.00000000E+00  0.00000000E+00  0.00000000E+00  1.12679806E-02  0.
   138  3.79999995E-01  0.00000000E+00  0.00000000E+00  0.00000000E+00  1.18909546E-02  0.
   139  3.89999986E-01  0.00000000E+00  0.00000000E+00  0.00000000E+00  1.25305187E-02  0.
   140  4.00000006E-01  0.00000000E+00  0.00000000E+00  0.00000000E+00  1.31866658E-02  0.
   141  4.09999996E-01  0.00000000E+00  0.00000000E+00  0.00000000E+00  1.38593880E-02  0.
   142  4.19999987E-01  0.00000000E+00  0.00000000E+00  0.00000000E+00  1.45486796E-02  0.
   143  4.30000007E-01  0.00000000E+00  0.00000000E+00  0.00000000E+00  1.52545358E-02  0.
   144  4.39999998E-01  0.00000000E+00  0.00000000E+00  0.00000000E+00  1.59769463E-02  0.
   145  4.49999988E-01  0.00000000E+00  0.00000000E+00  0.00000000E+00  1.67159074E-02  0.
   146  4.60000008E-01  0.00000000E+00  0.00000000E+00  0.00000000E+00  1.74714123E-02  0.
   147  4.69999999E-01  0.00000000E+00  0.00000000E+00  0.00000000E+00  1.82434520E-02  0.
   148  4.79999989E-01  0.00000000E+00  0.00000000E+00  0.00000000E+00  1.90320210E-02  0.
   149  4.90000010E-01  0.00000000E+00  0.00000000E+00  0.00000000E+00  1.98371126E-02  0.
   150  5.00000000E-01  0.00000000E+00  0.00000000E+00  0.00000000E+00  2.06587176E-02  0.
   151  5.09999990E-01  0.00000000E+00  0.00000000E+00  0.00000000E+00  2.14968292E-02  0.
   152  5.19999981E-01  0.00000000E+00  0.00000000E+00  0.00000000E+00  2.23514417E-02  0.
   153  5.29999971E-01  0.00000000E+00  0.00000000E+00  0.00000000E+00  2.32225455E-02  0.
   154  5.40000021E-01  0.00000000E+00  0.00000000E+00  0.00000000E+00  2.41101423E-02  0.
   155  5.50000012E-01  0.00000000E+00  0.00000000E+00  0.00000000E+00  2.50142085E-02  0.
   156  5.60000002E-01  0.00000000E+00  0.00000000E+00  0.00000000E+00  2.59347491E-02  0.
   157  5.69999993E-01  0.00000000E+00  0.00000000E+00  0.00000000E+00  2.68717469E-02  0.
   158  5.79999983E-01  0.00000000E+00  0.00000000E+00  0.00000000E+00  2.78251994E-02  0.
   159  5.89999974E-01  0.00000000E+00  0.00000000E+00  0.00000000E+00  2.87951011E-02  0.
   160  6.00000024E-01  0.00000000E+00  0.00000000E+00  0.00000000E+00  2.97814528E-02  0.
   161  6.10000014E-01  0.00000000E+00  0.00000000E+00  0.00000000E+00  3.07841947E-02  0.
   162  6.20000005E-01  0.00000000E+00  0.00000000E+00  0.00000000E+00  3.18033937E-02  0.
   163  6.29999995E-01  0.00000000E+00  0.00000000E+00  0.00000000E+00  3.28389979E-02  0.
   164  6.39999986E-01  0.00000000E+00  0.00000000E+00  0.00000000E+00  3.38910034E-02  0.
   165  6.49999976E-01  0.00000000E+00  0.00000000E+00  0.00000000E+00  3.49594013E-02  0.
   166  6.60000026E-01  0.00000000E+00  0.00000000E+00  0.00000000E+00  3.60441920E-02  0.
   167  6.70000017E-01  0.00000000E+00  0.00000000E+00  0.00000000E+00  3.71453541E-02  0.
   168  6.80000007E-01  0.00000000E+00  0.00000000E+00  0.00000000E+00  3.82628797E-02  0.
   169  6.89999998E-01  0.00000000E+00  0.00000000E+00  0.00000000E+00  3.93967637E-02  0.
   170  6.99999988E-01  0.00000000E+00  0.00000000E+00  0.00000000E+00  4.05469946E-02  0.
   171  7.09999979E-01  0.00000000E+00  0.00000000E+00  0.00000000E+00  4.17135646E-02  0.
   172  7.20000029E-01  0.00000000E+00  0.00000000E+00  0.00000000E+00  4.28964683E-02  0.
   173  7.30000019E-01  0.00000000E+00  0.00000000E+00  0.00000000E+00  4.40956836E-02  0.
   174  7.40000010E-01  0.00000000E+00  0.00000000E+00  0.00000000E+00  4.53112073E-02  0.
   175  7.50000000E-01  0.00000000E+00  0.00000000E+00  0.00000000E+00  4.65430379E-02  0.
   176  7.59999990E-01  0.00000000E+00  0.00000000E+00  0.00000000E+00  4.77911562E-02  0.
   177  7.69999981E-01  0.00000000E+00  0.00000000E+00  0.00000000E+00  4.90555553E-02  0.
   178  7.79999971E-01  0.00000000E+00  0.00000000E+00  0.00000000E+00  5.03362288E-02  0.
   179  7.90000021E-01  0.00000000E+00  0.00000000E+00  0.00000000E+00  5.16331681E-02  0.
   180  8.00000012E-01  0.00000000E+00  0.00000000E+00  0.00000000E+00  5.29463481E-02  0.
   181  8.10000002E-01  0.00000000E+00  0.00000000E+00  0.00000000E+00  5.42757611E-02  0.
   182  8.19999993E-01  0.00000000E+00  0.00000000E+00  0.00000000E+00  5.56214008E-02  0.
   183  8.29999983E-01  0.00000000E+00  0.00000000E+00  0.00000000E+00  5.69832510E-02  0.
   184  8.39999974E-01  0.00000000E+00  0.00000000E+00  0.00000000E+00  5.83612996E-02  0.
   185  8.50000024E-01  0.00000000E+00  0.00000000E+00  0.00000000E+00  5.97555349E-02  0.
   186  8.60000014E-01  0.00000000E+00  0.00000000E+00  0.00000000E+00  6.11659827E-02  0.
   187  8.70000005E-01  0.00000000E+00  0.00000000E+00  0.00000000E+00  6.25925896E-02  0.
   188  8.79999995E-01  0.00000000E+00  0.00000000E+00  0.00000000E+00  6.40353615E-02  0.
   189  8.89999986E-01  0.00000000E+00  0.00000000E+00  0.00000000E+00  6.54942798E-02  0.
   190  8.99999976E-01  0.00000000E+00  0.00000000E+00  0.00000000E+00  6.69693271E-02  0.
   191  9.10000026E-01  0.00000000E+00  0.00000000E+00  0.00000000E+00  6.84605048E-02  0.
   192  9.20000017E-01  0.00000000E+00  0.00000000E+00  0.00000000E+00  6.99677799E-02  0.
   193  9.30000007E-01  0.00000000E+00  0.00000000E+00  0.00000000E+00  7.14911590E-02  0.
   194  9.39999998E-01  0.00000000E+00  0.00000000E+00  0.00000000E+00  7.30306312E-02  0.
   195  9.49999988E-01  0.00000000E+00  0.00000000E+00  0.00000000E+00  7.45861899E-02  0.
   196  9.59999979E-01  0.00000000E+00  0.00000000E+00  0.00000000E+00  7.61578067E-02  0.
   197  9.70000029E-01  0.00000000E+00  0.00000000E+00  0.00000000E+00  7.77454771E-02  0.
   198  9.80000019E-01  0.00000000E+00  0.00000000E+00  0.00000000E+00  7.93491687E-02  0.
   199  9.90000010E-01  0.00000000E+00  0.00000000E+00  0.00000000E+00  8.09688835E-02  0.
STEP   2 TIME  2.00000000E+00
     1 -9.90000010E-01  0.00000000E+00  0.00000000E+00  0.00000000E+00  7.86854954E-02  0.
     2 -9.80000019E-01  0.00000000E+00  0.00000000E+00  0.00000000E+00  7.70715586E-02  0.
     3 -9.70000029E-01  0.00000000E+00  0.00000000E+00  0.00000000E+00  7.54737426E-02  0.
     4 -9.59999979E-01  0.00000000E+00  0.00000000E+00  0.00000000E+00  7.38920245E-02  0.
     5 -9.49999988E-01  0.00000000E+00  0.00000000E+00  0.00000000E+00  7.23264608E-02  0.
     6 -9.39999998E-01  0.00000000E+00  0.00000000E+00  0.00000000E+00  7.07770484E-02  0.
     7 -9.30000007E-01  0.00000000E+00  0.00000000E+00  0.00000000E+00  6.92438077E-02  0.
     8 -9.20000017E-01  0.00000000E+00  0.00000000E+00  0.00000000E+00  6.77267365E-02  0.
     9 -9.10000026E-01  0.00000000E+00  0.00000000E+00  0.00000000E+00  6.62258493E-02  0.
    10 -8.99999976E-01  0.00000000E+00  0.00000000E+00  0.00000000E+00  6.47411512E-02  0.
    11 -8.89999986E-01  0.00000000E+00  0.00000000E+00  0.00000000E+00  6.32726782E-02  0.
    12 -8.79999995E-01  0.00000000E+00  0.00000000E+00  0.00000000E+00  6.18204396E-02  0.
    13 -8.70000005E-01  0.00000000E+00  0.00000000E+00  0.00000000E+00  6.03844315E-02  0.
    14 -8.60000014E-01  0.00000000E+00  0.00000000E+00  0.00000000E+00  5.89647441E-02  0.
    15 -8.50000024E-01  0.00000000E+00  0.00000000E+00  0.00000000E+00  5.75612899E-02  0.
    16 -8.39999974E-01  0.00000000E+00  0.00000000E+00  0.00000000E+00  5.61741106E-02  0.
    17 -8.29999983E-01  0.00000000E+00  0.00000000E+00  0.00000000E+00  5.48032373E-02  0.
    18 -8.19999993E-01  0.00000000E+00  0.00000000E+00  0.00000000E+00  5.34486713E-02  0.
    19 -8.10000002E-01  0.00000000E+00  0.00000000E+00  0.00000000E+00  5.21104272E-02  0.
    20 -8.00000012E-01  0.00000000E+00  0.00000000E+00  0.00000000E+00  5.07885220E-02  0.
    21 -7.90000021E-01  0.00000000E+00  0.00000000E+00  0.00000000E+00  4.94829725E-02  0.
    22 -7.79999971E-01  0.00000000E+00  0.00000000E+00  0.00000000E+00  4.81937863E-02  0.
    23 -7.69999981E-01  0.00000000E+00  0.00000000E+00  0.00000000E+00  4.69209851E-02  0.
    24 -7.59999990E-01  0.00000000E+00  0.00000000E+00  0.00000000E+00  4.56645806E-02  0.
    25 -7.50000000E-01  0.00000000E+00  0.00000000E+00  0.00000000E+00  4.44245872E-02  0.
    26 -7.40000010E-01  0.00000000E+00  0.00000000E+00  0.00000000E+00  4.32010088E-02  0.
    27 -7.30000019E-01  0.00000000E+00  0.00000000E+00  0.00000000E+00  4.19938629E-02  0.
    28 -7.20000029E-01  0.00000000E+00  0.00000000E+00  0.00000000E+00  4.08031625E-02  0.
    29 -7.09999979E-01  0.00000000E+00  0.00000000E+00  0.00000000E+00  3.96289143E-02  0.
    30 -6.99999988E-01  0.00000000E+00  0.00000000E+00  0.00000000E+00  3.84711437E-02  0.
    31 -6.89999998E-01  0.00000000E+00  0.00000000E+00  0.00000000E+00  3.73298607E-02  0.
    32 -6.80000007E-01  0.00000000E+00  0.00000000E+00  0.00000000E+00  3.62050766E-02  0.
    33 -6.70000017E-01  0.00000000E+00  0.00000000E+00  0.00000000E+00  3.50968077E-02  0.
    34 -6.60000026E-01  0.00000000E+00  0.00000000E+00  0.00000000E+00  3.40050625E-02  0.
    35 -6.49999976E-01  0.00000000E+00  0.00000000E+00  0.00000000E+00  3.29298631E-02  0.
    36 -6.39999986E-01  0.00000000E+00  0.00000000E+00  0.00000000E+00  3.18712369E-02  0.
    37 -6.29999995E-01  0.00000000E+00  0.00000000E+00  0.00000000E+00  3.08291563E-02  0.
    38 -6.20000005E-01  0.00000000E+00  0.00000000E+00  0.00000000E+00  2.98036664E-02  0.
    39 -6.10000014E-01  0.00000000E+00  0.00000000E+00  0.00000000E+00  2.87947794E-02  0.
    40 -6.00000024E-01  0.00000000E+00  0.00000000E+00  0.00000000E+00  2.78025024E-02  0.
    41 -5.89999974E-01  0.00000000E+00  0.00000000E+00  0.00000000E+00  2.68268488E-02  0.
    42 -5.79999983E-01  0.00000000E+00  0.00000000E+00  0.00000000E+00  2.58678430E-02  0.
    43 -5.69999993E-01  0.00000000E+00  0.00000000E+00  0.00000000E+00  2.49254958E-02  0.
    44 -5.60000002E-01  0.00000000E+00  0.00000000E+00  0.00000000E+00  2.39998220E-02  0.
    45 -5.50000012E-01  0.00000000E+00  0.00000000E+00  0.00000000E+00  2.30908329E-02  0.
    46 -5.40000021E-01  0.00000000E+00  0.00000000E+00  0.00000000E+00  2.21985520E-02  0.
    47 -5.29999971E-01  0.00000000E+00  0.00000000E+00  0.00000000E+00  2.13229829E-02  0.
    48 -5.19999981E-01  0.00000000E+00  0.00000000E+00  0.00000000E+00  2.04641587E-02  0.
    49 -5.09999990E-01  0.00000000E+00  0.00000000E+00  0.00000000E+00  1.96220882E-02  0.
    50 -5.00000000E-01  0.00000000E+00  0.00000000E+00  0.00000000E+00  1.87967908E-02  0.
    51 -4.90000010E-01  0.00000000E+00  0.00000000E+00  0.00000000E+00  1.79882834E-02  0.
    52 -4.79999989E-01  0.00000000E+00  0.00000000E+00  0.00000000E+00  1.71965840E-02  0.
    53 -4.69999999E-01  0.00000000E+00  0.00000000E+00  0.00000000E+00  1.64217146E-02  0.
    54 -4.60000008E-01  0.00000000E+00  0.00000000E+00  0.00000000E+00  1.56636946E-02  0.
    55 -4.49999988E-01  0.00000000E+00  0.00000000E+00  0.00000000E+00  1.49225435E-02  0.
    56 -4.39999998E-01  0.00000000E+00  0.00000000E+00  0.00000000E+00  1.41982856E-02  0.
    57 -4.30000007E-01  0.00000000E+00  0.00000000E+00  0.00000000E+00  1.34909436E-02  0.
    58 -4.19999987E-01  0.00000000E+00  0.00000000E+00  0.00000000E+00  1.28005385E-02  0.
    59 -4.09999996E-01  0.00000000E+00  0.00000000E+00  0.00000000E+00  1.21270995E-02  0.
    60 -4.00000006E-01  0.00000000E+00  0.00000000E+00  0.00000000E+00  1.14706513E-02  0.
    61 -3.89999986E-01  0.00000000E+00  0.00000000E+00  0.00000000E+00  1.08312212E-02  0.
    62 -3.79999995E-01  0.00000000E+00  0.00000000E+00  0.00000000E+00  1.02088408E-02  0.
    63 -3.70000005E-01  0.00000000E+00  0.00000000E+00  0.00000000E+00  9.60354250E-03  0.
    64 -3.60000014E-01  0.00000000E+00  0.00000000E+00  0.00000000E+00  9.01535899E-03  0.
    65 -3.49999994E-01  0.00000000E+00  0.00000000E+00  0.00000000E+00  8.44432523E-03  0.
    66 -3.40000004E-01  0.00000000E+00  0.00000000E+00  0.00000000E+00  7.89048405E-03  0.
    67 -3.30000013E-01  0.00000000E+00  0.00000000E+00  0.00000000E+00  7.35387616E-03  0.
    68 -3.19999993E-01  0.00000000E+00  0.00000000E+00  0.00000000E+00  6.83454647E-03  0.
    69 -3.10000002E-01  0.00000000E+00  0.00000000E+00  0.00000000E+00  6.33254855E-03  0.
    70 -3.00000012E-01  0.00000000E+00  0.00000000E+00  0.00000000E+00  5.84793502E-03  0.
    71 -2.89999992E-01  0.00000000E+00  0.00000000E+00  0.00000000E+00  5.38076506E-03  0.
    72 -2.80000001E-01  0.00000000E+00  0.00000000E+00  0.00000000E+00  4.93111223E-03  0.
    73 -2.70000011E-01  0.00000000E+00  0.00000000E+00  0.00000000E+00  4.49904756E-03  0.
    74 -2.59999990E-01  0.00000000E+00  0.00000000E+00  0.00000000E+00  4.08465327E-03  0.
    75 -2.50000000E-01  0.00000000E+00  0.00000000E+00  0.00000000E+00  3.68802686E-03  0.
    76 -2.39999995E-01  0.00000000E+00  0.00000000E+00  0.00000000E+00  3.30927511E-03  0.
    77 -2.30000004E-01  0.00000000E+00  0.00000000E+00  0.00000000E+00  2.94851834E-03  0.
    78 -2.19999999E-01  0.00000000E+00  0.00000000E+00  0.00000000E+00  2.60589431E-03  0.
    79 -2.09999993E-01  0.00000000E+00  0.00000000E+00  0.00000000E+00  2.28157938E-03  0.
    80 -2.00000003E-01  0.00000000E+00  0.00000000E+00  0.00000000E+00  1.97575390E-03  0.
    81 -1.89999998E-01  0.00000000E+00  0.00000000E+00  0.00000000E+00  1.68864957E-03  0.
    82 -1.80000007E-01  0.00000000E+00  0.00000000E+00  0.00000000E+00  1.42054388E-03  0.
    83 -1.70000002E-01  0.00000000E+00  0.00000000E+00  0.00000000E+00  1.17177657E-03  0.
    84 -1.59999996E-01  0.00000000E+00  0.00000000E+00  0.00000000E+00  9.42770203E-04  0.
    85 -1.50000006E-01  0.00000000E+00  0.00000000E+00  0.00000000E+00  7.34079721E-04  0.
    86 -1.40000001E-01  0.00000000E+00  0.00000000E+00  0.00000000E+00  5.46403689E-04  0.
    87 -1.29999995E-01  0.00000000E+00  0.00000000E+00  0.00000000E+00  3.80809587E-04  0.
    88 -1.19999997E-01  0.00000000E+00  0.00000000E+00  0.00000000E+00  2.38568506E-04  0.
    89 -1.09999999E-01  0.00000000E+00  0.00000000E+00  0.00000000E+00  1.22633326E-04  0.
    90 -1.00000001E-01  0.00000000E+00  0.00000000E+00  0.00000000E+00  3.55907174E-05  0.
    91 -9.00000036E-02  1.53550581E+02  2.06184513E+00  0.00000000E+00 -7.67752904E-07  1.
    92 -7.99999982E-02  3.91867030E+02  3.20233361E+00  0.00000000E+00 -1.95933515E-06  1.
    93 -7.00000003E-02  5.33836903E+02  3.73675336E+00  0.00000000E+00 -2.66918452E-06  1.
    94 -5.99999987E-02  6.27208963E+02  6.17251423E-01  0.00000000E+00 -3.13604482E-06  1.
    95 -5.00000007E-02  6.97153690E+02  1.80664996E+00  0.00000000E+00 -3.48576845E-06  1.
    96 -3.99999991E-02  7.49275599E+02  1.53808248E+00  0.00000000E+00 -3.74637800E-06  1.
    97 -2.99999993E-02  7.87474399E+02  1.63031061E+00  0.00000000E+00 -3.93737199E-06  1.
    98 -1.99999996E-02  8.13648735E+02  1.10949581E+00  0.00000000E+00 -4.06824368E-06  1.
    99 -9.99999978E-03  8.28951191E+02  2.44637419E-01  0.00000000E+00 -4.14475595E-06  1.
   100  0.00000000E+00  8.33990751E+02  2.18459419E-12  0.00000000E+00 -4.16995376E-06  1.
   101  9.99999978E-03  8.28951191E+02 -2.44637419E-01  0.00000000E+00 -4.14475595E-06  1.
   102  1.99999996E-02  8.13648735E+02 -1.10949581E+00  0.00000000E+00 -4.06824368E-06  1.
   103  2.99999993E-02  7.87474399E+02 -1.63031061E+00  0.00000000E+00 -3.93737199E-06  1.
   104  3.99999991E-02  7.49275599E+02 -1.53808248E+00  0.00000000E+00 -3.74637800E-06  1.
   105  5.00000007E-02  6.97153690E+02 -1.80664996E+00  0.00000000E+00 -3.48576845E-06  1.
   106  5.99999987E-02  6.27208963E+02 -6.17251423E-01  0.00000000E+00 -3.13604482E-06  1.
   107  7.00000003E-02  5.33836903E+02 -3.73675336E+00  0.00000000E+00 -2.66918452E-06  1.
   108  7.99999982E-02  3.91867030E+02 -3.20233361E+00  0.00000000E+00 -1.95933515E-06  1.
   109  9.00000036E-02  1.53550581E+02 -2.06184513E+00  0.00000000E+00 -7.67752904E-07  1.
   110  1.00000001E-01  0.00000000E+00  0.00000000E+00  0.00000000E+00  3.55907174E-05  0.
   111  1.09999999E-01  0.00000000E+00  0.00000000E+00  0.00000000E+00  1.22633326E-04  0.
   112  1.19999997E-01  0.00000000E+00  0.00000000E+00  0.00000000E+00  2.38568506E-04  0.
   113  1.29999995E-01  0.00000000E+00  0.00000000E+00  0.00000000E+00  3.80809587E-04  0.
   114  1.40000001E-01  0.00000000E+00  0.00000000E+00  0.00000000E+00  5.46403689E-04  0.
   115  1.50000006E-01  0.00000000E+00  0.00000000E+00  0.00000000E+00  7.34079721E-04  0.
   116  1.59999996E-01  0.00000000E+00  0.00000000E+00  0.00000000E+00  9.42770203E-04  0.
   117  1.70000002E-01  0.00000000E+00  0.00000000E+00  0.00000000E+00  1.17177657E-03  0.
   118  1.80000007E-01  0.00000000E+00  0.00000000E+00  0.00000000E+00  1.42054388E-03  0.
   119  1.89999998E-01  0.00000000E+00  0.00000000E+00  0.00000000E+00  1.68864957E-03  0.
   120  2.00000003E-01  0.00000000E+00  0.00000000E+00  0.00000000E+00  1.97575390E-03  0.
   121  2.09999993E-01  0.00000000E+00  0.00000000E+00  0.00000000E+00  2.28157938E-03  0.
   122  2.19999999E-01  0.00000000E+00  0.00000000E+00  0.00000000E+00  2.60589431E-03  0.
   123  2.30000004E-01  0.00000000E+00  0.00000000E+00  0.00000000E+00  2.94851834E-03  0.
   124  2.39999995E-01  0.00000000E+00  0.00000000E+00  0.00000000E+00  3.30927511E-03  0.
   125  2.50000000E-01  0.00000000E+00  0.00000000E+00  0.00000000E+00  3.68802686E-03  0.
   126  2.59999990E-01  0.00000000E+00  0.00000000E+00  0.00000000E+00  4.08465327E-03  0.
   127  2.70000011E-01  0.00000000E+00  0.00000000E+00  0.00000000E+00  4.49904756E-03  0.
   128  2.80000001E-01  0.00000000E+00  0.00000000E+00  0.00000000E+00  4.93111223E-03  0.
   129  2.89999992E-01  0.00000000E+00  0.00000000E+00  0.00000000E+00  5.38076506E-03  0.
   130  3.00000012E-01  0.00000000E+00  0.00000000E+00  0.00000000E+00  5.84793502E-03  0.
   131  3.10000002E-01  0.00000000E+00  0.00000000E+00  0.00000000E+00  6.33254855E-03  0.
   132  3.19999993E-01  0.00000000E+00  0.00000000E+00  0.00000000E+00  6.83454647E-03  0.
   133  3.30000013E-01  0.00000000E+00  0.00000000E+00  0.00000000E+00  7.35387616E-03  0.
   134  3.40000004E-01  0.00000000E+00  0.00000000E+00  0.00000000E+00  7.89048405E-03  0.
   135  3.49999994E-01  0.00000000E+00  0.00000000E+00  0.00000000E+00  8.44432523E-03  0.
   136  3.60000014E-01  0.00000000E+00  0.00000000E+00  0.00000000E+00  9.01535899E-03  0.
   137  3.70000005E-01  0.00000000E+00  0.00000000E+00  0.00000000E+00  9.60354250E-03  0.
   138  3.79999995E-01  0.00000000E+00  0.00000000E+00  0.00000000E+00  1.02088408E-02  0.
   139  3.89999986E-01  0.00000000E+00  0.00000000E+00  0.00000000E+00  1.08312212E-02  0.
   140  4.00000006E-01  0.00000000E+00  0.00000000E+00  0.00000000E+00  1.14706513E-02  0.
   141  4.09999996E-01  0.00000000E+00  0.00000000E+00  0.00000000E+00  1.21270995E-02  0.
   142  4.19999987E-01  0.00000000E+00  0.00000000E+00  0.00000000E+00  1.28005385E-02  0.
   143  4.30000007E-01  0.00000000E+00  0.00000000E+00  0.00000000E+00  1.34909436E-02  0.
   144  4.39999998E-01  0.00000000E+00  0.00000000E+00  0.00000000E+00  1.41982856E-02  0.
   145  4.49999988E-01  0.00000000E+00  0.00000000E+00  0.00000000E+00  1.49225435E-02  0.
   146  4.60000008E-01  0.00000000E+00  0.00000000E+00  0.00000000E+00  1.56636946E-02  0.
   147  4.69999999E-01  0.00000000E+00  0.00000000E+00  0.00000000E+00  1.64217146E-02  0.
   148  4.79999989E-01  0.00000000E+00  0.00000000E+00  0.00000000E+00  1.71965840E-02  0.
   149  4.90000010E-01  0.00000000E+00  0.00000000E+00  0.00000000E+00  1.79882834E-02  0.
   150  5.00000000E-01  0.00000000E+00  0.00000000E+00  0.00000000E+00  1.87967908E-02  0.
   151  5.09999990E-01  0.00000000E+00  0.00000000E+00  0.00000000E+00  1.96220882E-02  0.
   152  5.19999981E-01  0.00000000E+00  0.00000000E+00  0.00000000E+00  2.04641587E-02  0.
   153  5.29999971E-01  0.00000000E+00  0.00000000E+00  0.00000000E+00  2.13229829E-02  0.
   154  5.40000021E-01  0.00000000E+00  0.00000000E+00  0.00000000E+00  2.21985520E-02  0.
   155  5.50000012E-01  0.00000000E+00  0.00000000E+00  0.00000000E+00  2.30908329E-02  0.
   156  5.60000002E-01  0.00000000E+00  0.00000000E+00  0.00000000E+00  2.39998220E-02  0.
   157  5.69999993E-01  0.00000000E+00  0.00000000E+00  0.00000000E+00  2.49254958E-02  0.
   158  5.79999983E-01  0.00000000E+00  0.00000000E+00  0.00000000E+00  2.58678430E-02  0.
   159  5.89999974E-01  0.00000000E+00  0.00000000E+00  0.00000000E+00  2.68268488E-02  0.
   160  6.00000024E-01  0.00000000E+00  0.00000000E+00  0.00000000E+00  2.78025024E-02  0.
   161  6.10000014E-01  0.00000000E+00  0.00000000E+00  0.00000000E+00  2.87947794E-02  0.
   162  6.20000005E-01  0.00000000E+00  0.00000000E+00  0.00000000E+00  2.98036664E-02  0.
   163  6.29999995E-01  0.00000000E+00  0.00000000E+00  0.00000000E+00  3.08291563E-02  0.
   164  6.39999986E-01  0.00000000E+00  0.00000000E+00  0.00000000E+00  3.18712416E-02  0.
   165  6.49999976E-01  0.00000000E+00  0.00000000E+00  0.00000000E+00  3.29298515E-02  0.
   166  6.60000026E-01  0.00000000E+00  0.00000000E+00  0.00000000E+00  3.40050625E-02  0.
   167  6.70000017E-01  0.00000000E+00  0.00000000E+00  0.00000000E+00  3.50968077E-02  0.
   168  6.80000007E-01  0.00000000E+00  0.00000000E+00  0.00000000E+00  3.62050766E-02  0.
   169  6.89999998E-01  0.00000000E+00  0.00000000E+00  0.00000000E+00  3.73298607E-02  0.
   170  6.99999988E-01  0.00000000E+00  0.00000000E+00  0.00000000E+00  3.84711437E-02  0.
   171  7.09999979E-01  0.00000000E+00  0.00000000E+00  0.00000000E+00  3.96289143E-02  0.
   172  7.20000029E-01  0.00000000E+00  0.00000000E+00  0.00000000E+00  4.08031625E-02  0.
   173  7.30000019E-01  0.00000000E+00  0.00000000E+00  0.00000000E+00  4.19938629E-02  0.
   174  7.40000010E-01  0.00000000E+00  0.00000000E+00  0.00000000E+00  4.32010088E-02  0.
   175  7.50000000E-01  0.00000000E+00  0.00000000E+00  0.00000000E+00  4.44245872E-02  0.
   176  7.59999990E-01  0.00000000E+00  0.00000000E+00  0.00000000E+00  4.56645806E-02  0.
   177  7.69999981E-01  0.00000000E+00  0.00000000E+00  0.00000000E+00  4.69209851E-02  0.
   178  7.79999971E-01  0.00000000E+00  0.00000000E+00  0.00000000E+00  4.81937863E-02  0.
   179  7.90000021E-01  0.00000000E+00  0.00000000E+00  0.00000000E+00  4.94829725E-02  0.
   180  8.00000012E-01  0.00000000E+00  0.00000000E+00  0.00000000E+00  5.07885220E-02  0.
   181  8.10000002E-01  0.00000000E+00  0.00000000E+00  0.00000000E+00  5.21104272E-02  0.
   182  8.19999993E-01  0.00000000E+00  0.00000000E+00  0.00000000E+00  5.34486713E-02  0.
   183  8.29999983E-01  0.00000000E+00  0.00000000E+00  0.00000000E+00  5.48032373E-02  0.
   184  8.39999974E-01  0.00000000E+00  0.00000000E+00  0.00000000E+00  5.61741106E-02  0.
   185  8.50000024E-01  0.00000000E+00  0.00000000E+00  0.00000000E+00  5.75612899E-02  0.
   186  8.60000014E-01  0.00000000E+00  0.00000000E+00  0.00000000E+00  5.89647441E-02  0.
   187  8.70000005E-01  0.00000000E+00  0.00000000E+00  0.00000000E+00  6.03844312E-02  0.
   188  8.79999995E-01  0.00000000E+00  0.00000000E+00  0.00000000E+00  6.18204397E-02  0.
   189  8.89999986E-01  0.00000000E+00  0.00000000E+00  0.00000000E+00  6.32726782E-02  0.
   190  8.99999976E-01  0.00000000E+00  0.00000000E+00  0.00000000E+00  6.47411512E-02  0.
   191  9.10000026E-01  0.00000000E+00  0.00000000E+00  0.00000000E+00  6.62258493E-02  0.
   192  9.20000017E-01  0.00000000E+00  0.00000000E+00  0.00000000E+00  6.77267365E-02  0.
   193  9.30000007E-01  0.00000000E+00  0.00000000E+00  0.00000000E+00  6.92438077E-02  0.
   194  9.39999998E-01  0.00000000E+00  0.00000000E+00  0.00000000E+00  7.07770484E-02  0.
   195  9.49999988E-01  0.00000000E+00  0.00000000E+00  0.00000000E+00  7.23264608E-02  0.
   196  9.59999979E-01  0.00000000E+00  0.00000000E+00  0.00000000E+00  7.38920245E-02  0.
   197  9.70000029E-01  0.00000000E+00  0.00000000E+00  0.00000000E+00  7.54737426E-02  0.
   198  9.80000019E-01  0.00000000E+00  0.00000000E+00  0.00000000E+00  7.70715586E-02  0.
   199  9.90000010E-01  0.00000000E+00  0.00000000E+00  0.00000000E+00  7.86854954E-02  0.
STEP   3 TIME  3.00000000E+00
     1 -9.90000010E-01  0.00000000E+00  0.00000000E+00  0.00000000E+00  7.88064126E-02  0.
     2 -9.80000019E-01  0.00000000E+00  0.00000000E+00  0.00000000E+00  7.71908933E-02  0.
     3 -9.70000029E-01  0.00000000E+00  0.00000000E+00  0.00000000E+00  7.55915633E-02  0.
     4 -9.59999979E-01  0.00000000E+00  0.00000000E+00  0.00000000E+00  7.40083330E-02  0.
     5 -9.49999988E-01  0.00000000E+00  0.00000000E+00  0.00000000E+00  7.24412520E-02  0.
     6 -9.39999998E-01  0.00000000E+00  0.00000000E+00  0.00000000E+00  7.08903172E-02  0.
     7 -9.30000007E-01  0.00000000E+00  0.00000000E+00  0.00000000E+00  6.93555440E-02  0.
     8 -9.20000017E-01  0.00000000E+00  0.00000000E+00  0.00000000E+00  6.78369503E-02  0.
     9 -9.10000026E-01  0.00000000E+00  0.00000000E+00  0.00000000E+00  6.63345314E-02  0.
    10 -8.99999976E-01  0.00000000E+00  0.00000000E+00  0.00000000E+00  6.48483908E-02  0.
    11 -8.89999986E-01  0.00000000E+00  0.00000000E+00  0.00000000E+00  6.33784328E-02  0.
    12 -8.79999995E-01  0.00000000E+00  0.00000000E+00  0.00000000E+00  6.19247001E-02  0.
    13 -8.70000005E-01  0.00000000E+00  0.00000000E+00  0.00000000E+00  6.04872132E-02  0.
    14 -8.60000014E-01  0.00000000E+00  0.00000000E+00  0.00000000E+00  5.90659817E-02  0.
    15 -8.50000024E-01  0.00000000E+00  0.00000000E+00  0.00000000E+00  5.76610220E-02  0.
    16 -8.39999974E-01  0.00000000E+00  0.00000000E+00  0.00000000E+00  5.62723450E-02  0.
    17 -8.29999983E-01  0.00000000E+00  0.00000000E+00  0.00000000E+00  5.48999849E-02  0.
    18 -8.19999993E-01  0.00000000E+00  0.00000000E+00  0.00000000E+00  5.35439355E-02  0.
    19 -8.10000002E-01  0.00000000E+00  0.00000000E+00  0.00000000E+00  5.22042217E-02  0.
    20 -8.00000012E-01  0.00000000E+00  0.00000000E+00  0.00000000E+00  5.08808519E-02  0.
    21 -7.90000021E-01  0.00000000E+00  0.00000000E+00  0.00000000E+00  4.95738338E-02  0.
    22 -7.79999971E-01  0.00000000E+00  0.00000000E+00  0.00000000E+00  4.82831781E-02  0.
    23 -7.69999981E-01  0.00000000E+00  0.00000000E+00  0.00000000E+00  4.70089075E-02  0.
    24 -7.59999990E-01  0.00000000E+00  0.00000000E+00  0.00000000E+00  4.57510312E-02  0.
    25 -7.50000000E-01  0.00000000E+00  0.00000000E+00  0.00000000E+00  4.45095683E-02  0.
    26 -7.40000010E-01  0.00000000E+00  0.00000000E+00  0.00000000E+00  4.32845203E-02  0.
    27 -7.30000019E-01  0.00000000E+00  0.00000000E+00  0.00000000E+00  4.20759344E-02  0.
    28 -7.20000029E-01  0.00000000E+00  0.00000000E+00  0.00000000E+00  4.08837946E-02  0.
    29 -7.09999979E-01  0.00000000E+00  0.00000000E+00  0.00000000E+00  3.97080881E-02  0.
    30 -6.99999988E-01  0.00000000E+00  0.00000000E+00  0.00000000E+00  3.85488746E-02  0.
    31 -6.89999998E-01  0.00000000E+00  0.00000000E+00  0.00000000E+00  3.74061519E-02  0.
    32 -6.80000007E-01  0.00000000E+00  0.00000000E+00  0.00000000E+00  3.62799380E-02  0.
    33 -6.70000017E-01  0.00000000E+00  0.00000000E+00  0.00000000E+00  3.51702425E-02  0.
    34 -6.60000026E-01  0.00000000E+00  0.00000000E+00  0.00000000E+00  3.40770752E-02  0.
    35 -6.49999976E-01  0.00000000E+00  0.00000000E+00  0.00000000E+00  3.30004484E-02  0.
    36 -6.39999986E-01  0.00000000E+00  0.00000000E+00  0.00000000E+00  3.19403878E-02  0.
    37 -6.29999995E-01  0.00000000E+00  0.00000000E+00  0.00000000E+00  3.08968994E-02  0.
    38 -6.20000005E-01  0.00000000E+00  0.00000000E+00  0.00000000E+00  2.98699980E-02  0.
    39 -6.10000014E-01  0.00000000E+00  0.00000000E+00  0.00000000E+00  2.88597001E-02  0.
    40 -6.00000024E-01  0.00000000E+00  0.00000000E+00  0.00000000E+00  2.78660182E-02  0.
    41 -5.89999974E-01  0.00000000E+00  0.00000000E+00  0.00000000E+00  2.68889631E-02  0.
    42 -5.79999983E-01  0.00000000E+00  0.00000000E+00  0.00000000E+00  2.59285595E-02  0.
    43 -5.69999993E-01  0.00000000E+00  0.00000000E+00  0.00000000E+00  2.49848186E-02  0.
    44 -5.60000002E-01  0.00000000E+00  0.00000000E+00  0.00000000E+00  2.40577557E-02  0.
    45 -5.50000012E-01  0.00000000E+00  0.00000000E+00  0.00000000E+00  2.31473850E-02  0.
    46 -5.40000021E-01  0.00000000E+00  0.00000000E+00  0.00000000E+00  2.22537252E-02  0.
    47 -5.29999971E-01  0.00000000E+00  0.00000000E+00  0.00000000E+00  2.13767852E-02  0.
    48 -5.19999981E-01  0.00000000E+00  0.00000000E+00  0.00000000E+00  2.05165943E-02  0.
    49 -5.09999990E-01  0.00000000E+00  0.00000000E+00  0.00000000E+00  1.96731634E-02  0.
    50 -5.00000000E-01  0.00000000E+00  0.00000000E+00  0.00000000E+00  1.88465111E-02  0.
    51 -4.90000010E-01  0.00000000E+00  0.00000000E+00  0.00000000E+00  1.80366551E-02  0.
    52 -4.79999989E-01  0.00000000E+00  0.00000000E+00  0.00000000E+00  1.72436126E-02  0.
    53 -4.69999999E-01  0.00000000E+00  0.00000000E+00  0.00000000E+00  1.64674074E-02  0.
    54 -4.60000008E-01  0.00000000E+00  0.00000000E+00  0.00000000E+00  1.57080577E-02  0.
    55 -4.49999988E-01  0.00000000E+00  0.00000000E+00  0.00000000E+00  1.49655830E-02  0.
    56 -4.39999998E-01  0.00000000E+00  0.00000000E+00  0.00000000E+00  1.42400089E-02  0.
    57 -4.30000007E-01  0.00000000E+00  0.00000000E+00  0.00000000E+00  1.35313570E-02  0.
    58 -4.19999987E-01  0.00000000E+00  0.00000000E+00  0.00000000E+00  1.28396491E-02  0.
    59 -4.09999996E-01  0.00000000E+00  0.00000000E+00  0.00000000E+00  1.21649147E-02  0.
    60 -4.00000006E-01  0.00000000E+00  0.00000000E+00  0.00000000E+00  1.15071786E-02  0.
    61 -3.89999986E-01  0.00000000E+00  0.00000000E+00  0.00000000E+00  1.08664676E-02  0.
    62 -3.79999995E-01  0.00000000E+00  0.00000000E+00  0.00000000E+00  1.02428148E-02  0.
    63 -3.70000005E-01  0.00000000E+00  0.00000000E+00  0.00000000E+00  9.63625130E-03  0.
    64 -3.60000014E-01  0.00000000E+00  0.00000000E+00  0.00000000E+00  9.04681084E-03  0.
    65 -3.49999994E-01  0.00000000E+00  0.00000000E+00  0.00000000E+00  8.47452852E-03  0.
    66 -3.40000004E-01  0.00000000E+00  0.00000000E+00  0.00000000E+00  7.91944731E-03  0.
    67 -3.30000013E-01  0.00000000E+00  0.00000000E+00  0.00000000E+00  7.38160815E-03  0.
    68 -3.19999993E-01  0.00000000E+00  0.00000000E+00  0.00000000E+00  6.86105609E-03  0.
    69 -3.10000002E-01  0.00000000E+00  0.00000000E+00  0.00000000E+00  6.35784485E-03  0.
    70 -3.00000012E-01  0.00000000E+00  0.00000000E+00  0.00000000E+00  5.87202774E-03  0.
    71 -2.89999992E-01  0.00000000E+00  0.00000000E+00  0.00000000E+00  5.40366484E-03  0.
    72 -2.80000001E-01  0.00000000E+00  0.00000000E+00  0.00000000E+00  4.95282633E-03  0.
    73 -2.70000011E-01  0.00000000E+00  0.00000000E+00  0.00000000E+00  4.51958569E-03  0.
    74 -2.59999990E-01  0.00000000E+00  0.00000000E+00  0.00000000E+00  4.10402568E-03  0.
    75 -2.50000000E-01  0.00000000E+00  0.00000000E+00  0.00000000E+00  3.70624272E-03  0.
    76 -2.39999995E-01  0.00000000E+00  0.00000000E+00  0.00000000E+00  3.32634311E-03  0.
    77 -2.30000004E-01  0.00000000E+00  0.00000000E+00  0.00000000E+00  2.96444948E-03  0.
    78 -2.19999999E-01  0.00000000E+00  0.00000000E+00  0.00000000E+00  2.62070203E-03  0.
    79 -2.09999993E-01  0.00000000E+00  0.00000000E+00  0.00000000E+00  2.29526362E-03  0.
    80 -2.00000003E-01  0.00000000E+00  0.00000000E+00  0.00000000E+00  1.98833279E-03  0.
    81 -1.89999998E-01  0.00000000E+00  0.00000000E+00  0.00000000E+00  1.70013558E-03  0.
    82 -1.80000007E-01  0.00000000E+00  0.00000000E+00  0.00000000E+00  1.43095051E-03  0.
    83 -1.70000002E-01  0.00000000E+00  0.00000000E+00  0.00000000E+00  1.18111595E-03  0.
    84 -1.59999996E-01  0.00000000E+00  0.00000000E+00  0.00000000E+00  9.51032318E-04  0.
    85 -1.50000006E-01  0.00000000E+00  0.00000000E+00  0.00000000E+00  7.41311934E-04  0.
    86 -1.40000001E-01  0.00000000E+00  0.00000000E+00  0.00000000E+00  5.52601465E-04  0.
    87 -1.29999995E-01  0.00000000E+00  0.00000000E+00  0.00000000E+00  3.85968931E-04  0.
    88 -1.19999997E-01  0.00000000E+00  0.00000000E+00  0.00000000E+00  2.42692547E-04  0.
    89 -1.09999999E-01  0.00000000E+00  0.00000000E+00  0.00000000E+00  1.25653023E-04  0.
    90 -1.00000001E-01  0.00000000E+00  0.00000000E+00  0.00000000E+00  3.75343637E-05  0.
    91 -9.00000036E-02  1.46754989E+02  8.80529933E+01  1.02588306E-04 -7.33774945E-07  2.
    92 -7.99999982E-02  3.88721437E+02  2.33232862E+02  4.88571359E-05 -1.94360718E-06  2.
    93 -7.00000003E-02  5.32158101E+02  3.19294861E+02  1.02780459E-05 -2.66079051E-06  2.
    94 -5.99999987E-02  6.25787660E+02  2.58465333E+02  0.00000000E+00 -3.12893830E-06  1.
    95 -5.00000007E-02  6.96089988E+02  1.99372075E+02  0.00000000E+00 -3.48044994E-06  1.
    96 -3.99999991E-02  7.48443651E+02  1.75168343E+02  0.00000000E+00 -3.74221825E-06  1.
    97 -2.99999993E-02  7.86865522E+02  1.61966701E+02  0.00000000E+00 -3.93432761E-06  1.
    98 -1.99999996E-02  8.13242949E+02  1.53738680E+02  0.00000000E+00 -4.06621475E-06  1.
    99 -9.99999978E-03  8.28732079E+02  1.48723657E+02  0.00000000E+00 -4.14366039E-06  1.
   100  0.00000000E+00  8.33950468E+02  1.47095433E+02  0.00000000E+00 -4.16975234E-06  1.
   101  9.99999978E-03  8.29089701E+02  1.47993116E+02  0.00000000E+00 -4.14544851E-06  1.
   102  1.99999996E-02  8.13967973E+02  1.50979743E+02  0.00000000E+00 -4.06983987E-06  1.
   103  2.99999993E-02  7.87990380E+02  1.57780915E+02  0.00000000E+00 -3.93995190E-06  1.
   104  3.99999991E-02  7.49998482E+02  1.70380357E+02  0.00000000E+00 -3.74999241E-06  1.
   105  5.00000007E-02  6.98089621E+02  1.92639409E+02  0.00000000E+00 -3.49044810E-06  1.
   106  5.99999987E-02  6.28380185E+02  2.46125229E+02  0.00000000E+00 -3.14190093E-06  1.
   107  7.00000003E-02  5.35185960E+02  3.21111576E+02  6.95712775E-06 -2.67592980E-06  2.
   108  7.99999982E-02  3.94692083E+02  2.36815250E+02  4.44063147E-05 -1.97346041E-06  2.
   109  9.00000036E-02  1.60184991E+02  9.61109944E+01  9.79250816E-05 -8.00924953E-07  2.
   110  1.00000001E-01  0.00000000E+00  0.00000000E+00  0.00000000E+00  3.36557107E-05  0.
   111  1.09999999E-01  0.00000000E+00  0.00000000E+00  0.00000000E+00  1.19615466E-04  0.
   112  1.19999997E-01  0.00000000E+00  0.00000000E+00  0.00000000E+00  2.34450411E-04  0.
   113  1.29999995E-01  0.00000000E+00  0.00000000E+00  0.00000000E+00  3.75658278E-04  0.
   114  1.40000001E-01  0.00000000E+00  0.00000000E+00  0.00000000E+00  5.40215478E-04  0.
   115  1.50000006E-01  0.00000000E+00  0.00000000E+00  0.00000000E+00  7.26858476E-04  0.
   116  1.59999996E-01  0.00000000E+00  0.00000000E+00  0.00000000E+00  9.34507705E-04  0.
   117  1.70000002E-01  0.00000000E+00  0.00000000E+00  0.00000000E+00  1.16246493E-03  0.
   118  1.80000007E-01  0.00000000E+00  0.00000000E+00  0.00000000E+00  1.41017230E-03  0.
   119  1.89999998E-01  0.00000000E+00  0.00000000E+00  0.00000000E+00  1.67720718E-03  0.
   120  2.00000003E-01  0.00000000E+00  0.00000000E+00  0.00000000E+00  1.96322896E-03  0.
   121  2.09999993E-01  0.00000000E+00  0.00000000E+00  0.00000000E+00  2.26796029E-03  0.
   122  2.19999999E-01  0.00000000E+00  0.00000000E+00  0.00000000E+00  2.59117264E-03  0.
   123  2.30000004E-01  0.00000000E+00  0.00000000E+00  0.00000000E+00  2.93267317E-03  0.
   124  2.39999995E-01  0.00000000E+00  0.00000000E+00  0.00000000E+00  3.29229761E-03  0.
   125  2.50000000E-01  0.00000000E+00  0.00000000E+00  0.00000000E+00  3.66990600E-03  0.
   126  2.59999990E-01  0.00000000E+00  0.00000000E+00  0.00000000E+00  4.06537650E-03  0.
   127  2.70000011E-01  0.00000000E+00  0.00000000E+00  0.00000000E+00  4.47860285E-03  0.
   128  2.80000001E-01  0.00000000E+00  0.00000000E+00  0.00000000E+00  4.90948939E-03  0.
   129  2.89999992E-01  0.00000000E+00  0.00000000E+00  0.00000000E+00  5.35795376E-03  0.
   130  3.00000012E-01  0.00000000E+00  0.00000000E+00  0.00000000E+00  5.82392312E-03  0.
   131  3.10000002E-01  0.00000000E+00  0.00000000E+00  0.00000000E+00  6.30732797E-03  0.
   132  3.19999993E-01  0.00000000E+00  0.00000000E+00  0.00000000E+00  6.80810793E-03  0.
   133  3.30000013E-01  0.00000000E+00  0.00000000E+00  0.00000000E+00  7.32621240E-03  0.
   134  3.40000004E-01  0.00000000E+00  0.00000000E+00  0.00000000E+00  7.86159400E-03  0.
   135  3.49999994E-01  0.00000000E+00  0.00000000E+00  0.00000000E+00  8.41415880E-03  0.
   136  3.60000014E-01  0.00000000E+00  0.00000000E+00  0.00000000E+00  8.98394166E-03  0.
   137  3.70000005E-01  0.00000000E+00  0.00000000E+00  0.00000000E+00  9.57086614E-03  0.
   138  3.79999995E-01  0.00000000E+00  0.00000000E+00  0.00000000E+00  1.01748975E-02  0.
   139  3.89999986E-01  0.00000000E+00  0.00000000E+00  0.00000000E+00  1.07960039E-02  0.
   140  4.00000006E-01  0.00000000E+00  0.00000000E+00  0.00000000E+00  1.14341519E-02  0.
   141  4.09999996E-01  0.00000000E+00  0.00000000E+00  0.00000000E+00  1.20893112E-02  0.
   142  4.19999987E-01  0.00000000E+00  0.00000000E+00  0.00000000E+00  1.27614543E-02  0.
   143  4.30000007E-01  0.00000000E+00  0.00000000E+00  0.00000000E+00  1.34505562E-02  0.
   144  4.39999998E-01  0.00000000E+00  0.00000000E+00  0.00000000E+00  1.41565883E-02  0.
   145  4.49999988E-01  0.00000000E+00  0.00000000E+00  0.00000000E+00  1.48795304E-02  0.
   146  4.60000008E-01  0.00000000E+00  0.00000000E+00  0.00000000E+00  1.56193586E-02  0.
   147  4.69999999E-01  0.00000000E+00  0.00000000E+00  0.00000000E+00  1.63760500E-02  0.
   148  4.79999989E-01  0.00000000E+00  0.00000000E+00  0.00000000E+00  1.71495851E-02  0.
   149  4.90000010E-01  0.00000000E+00  0.00000000E+00  0.00000000E+00  1.79399433E-02  0.
   150  5.00000000E-01  0.00000000E+00  0.00000000E+00  0.00000000E+00  1.87471044E-02  0.
   151  5.09999990E-01  0.00000000E+00  0.00000000E+00  0.00000000E+00  1.95710494E-02  0.
   152  5.19999981E-01  0.00000000E+00  0.00000000E+00  0.00000000E+00  2.04117473E-02  0.
   153  5.29999971E-01  0.00000000E+00  0.00000000E+00  0.00000000E+00  2.12692426E-02  0.
   154  5.40000021E-01  0.00000000E+00  0.00000000E+00  0.00000000E+00  2.21434525E-02  0.
   155  5.50000012E-01  0.00000000E+00  0.00000000E+00  0.00000000E+00  2.30343610E-02  0.
   156  5.60000002E-01  0.00000000E+00  0.00000000E+00  0.00000000E+00  2.39419745E-02  0.
   157  5.69999993E-01  0.00000000E+00  0.00000000E+00  0.00000000E+00  2.48662669E-02  0.
   158  5.79999983E-01  0.00000000E+00  0.00000000E+00  0.00000000E+00  2.58072284E-02  0.
   159  5.89999974E-01  0.00000000E+00  0.00000000E+00  0.00000000E+00  2.67648443E-02  0.
   160  6.00000024E-01  0.00000000E+00  0.00000000E+00  0.00000000E+00  2.77391006E-02  0.
   161  6.10000014E-01  0.00000000E+00  0.00000000E+00  0.00000000E+00  2.87299758E-02  0.
   162  6.20000005E-01  0.00000000E+00  0.00000000E+00  0.00000000E+00  2.97374572E-02  0.
   163  6.29999995E-01  0.00000000E+00  0.00000000E+00  0.00000000E+00  3.07615343E-02  0.
   164  6.39999986E-01  0.00000000E+00  0.00000000E+00  0.00000000E+00  3.18021892E-02  0.
   165  6.49999976E-01  0.00000000E+00  0.00000000E+00  0.00000000E+00  3.28594078E-02  0.
   166  6.60000026E-01  0.00000000E+00  0.00000000E+00  0.00000000E+00  3.39331847E-02  0.
   167  6.70000017E-01  0.00000000E+00  0.00000000E+00  0.00000000E+00  3.50234936E-02  0.
   168  6.80000007E-01  0.00000000E+00  0.00000000E+00  0.00000000E+00  3.61303235E-02  0.
   169  6.89999998E-01  0.00000000E+00  0.00000000E+00  0.00000000E+00  3.72536636E-02  0.
   170  6.99999988E-01  0.00000000E+00  0.00000000E+00  0.00000000E+00  3.83934988E-02  0.
   171  7.09999979E-01  0.00000000E+00  0.00000000E+00  0.00000000E+00  3.95498167E-02  0.
   172  7.20000029E-01  0.00000000E+00  0.00000000E+00  0.00000000E+00  4.07226146E-02  0.
   173  7.30000019E-01  0.00000000E+00  0.00000000E+00  0.00000000E+00  4.19118631E-02  0.
   174  7.40000010E-01  0.00000000E+00  0.00000000E+00  0.00000000E+00  4.31175560E-02  0.
   175  7.50000000E-01  0.00000000E+00  0.00000000E+00  0.00000000E+00  4.43396783E-02  0.
   176  7.59999990E-01  0.00000000E+00  0.00000000E+00  0.00000000E+00  4.55782214E-02  0.
   177  7.69999981E-01  0.00000000E+00  0.00000000E+00  0.00000000E+00  4.68331687E-02  0.
   178  7.79999971E-01  0.00000000E+00  0.00000000E+00  0.00000000E+00  4.81045029E-02  0.
   179  7.90000021E-01  0.00000000E+00  0.00000000E+00  0.00000000E+00  4.93922170E-02  0.
   180  8.00000012E-01  0.00000000E+00  0.00000000E+00  0.00000000E+00  5.06962880E-02  0.
   181  8.10000002E-01  0.00000000E+00  0.00000000E+00  0.00000000E+00  5.20167034E-02  0.
   182  8.19999993E-01  0.00000000E+00  0.00000000E+00  0.00000000E+00  5.33534561E-02  0.
   183  8.29999983E-01  0.00000000E+00  0.00000000E+00  0.00000000E+00  5.47065578E-02  0.
   184  8.39999974E-01  0.00000000E+00  0.00000000E+00  0.00000000E+00  5.60759529E-02  0.
   185  8.50000024E-01  0.00000000E+00  0.00000000E+00  0.00000000E+00  5.74616368E-02  0.
   186  8.60000014E-01  0.00000000E+00  0.00000000E+00  0.00000000E+00  5.88636121E-02  0.
   187  8.70000005E-01  0.00000000E+00  0.00000000E+00  0.00000000E+00  6.02818561E-02  0.
   188  8.79999995E-01  0.00000000E+00  0.00000000E+00  0.00000000E+00  6.17163499E-02  0.
   189  8.89999986E-01  0.00000000E+00  0.00000000E+00  0.00000000E+00  6.31670834E-02  0.
   190  8.99999976E-01  0.00000000E+00  0.00000000E+00  0.00000000E+00  6.46340389E-02  0.
   191  9.10000026E-01  0.00000000E+00  0.00000000E+00  0.00000000E+00  6.61172140E-02  0.
   192  9.20000017E-01  0.00000000E+00  0.00000000E+00  0.00000000E+00  6.76165877E-02  0.
   193  9.30000007E-01  0.00000000E+00  0.00000000E+00  0.00000000E+00  6.91321493E-02  0.
   194  9.39999998E-01  0.00000000E+00  0.00000000E+00  0.00000000E+00  7.06638955E-02  0.
   195  9.49999988E-01  0.00000000E+00  0.00000000E+00  0.00000000E+00  7.22117935E-02  0.
   196  9.59999979E-01  0.00000000E+00  0.00000000E+00  0.00000000E+00  7.37758302E-02  0.
   197  9.70000029E-01  0.00000000E+00  0.00000000E+00  0.00000000E+00  7.53559955E-02  0.
   198  9.80000019E-01  0.00000000E+00  0.00000000E+00  0.00000000E+00  7.69522663E-02  0.
   199  9.90000010E-01  0.00000000E+00  0.00000000E+00  0.00000000E+00  7.85646254E-02  0.
STEP   4 TIME  4.00000000E+00
     1 -9.90000010E-01  0.00000000E+00  0.00000000E+00  0.00000000E+00  7.86885593E-02  0.
     2 -9.80000019E-01  0.00000000E+00  0.00000000E+00  0.00000000E+00  7.70745918E-02  0.
     3 -9.70000029E-01  0.00000000E+00  0.00000000E+00  0.00000000E+00  7.54767448E-02  0.
     4 -9.59999979E-01  0.00000000E+00  0.00000000E+00  0.00000000E+00  7.38950039E-02  0.
     5 -9.49999988E-01  0.00000000E+00  0.00000000E+00  0.00000000E+00  7.23294141E-02  0.
     6 -9.39999998E-01  0.00000000E+00  0.00000000E+00  0.00000000E+00  7.07799856E-02  0.
     7 -9.30000007E-01  0.00000000E+00  0.00000000E+00  0.00000000E+00  6.92467138E-02  0.
     8 -9.20000017E-01  0.00000000E+00  0.00000000E+00  0.00000000E+00  6.77296112E-02  0.
     9 -9.10000026E-01  0.00000000E+00  0.00000000E+00  0.00000000E+00  6.62286928E-02  0.
    10 -8.99999976E-01  0.00000000E+00  0.00000000E+00  0.00000000E+00  6.47439634E-02  0.
    11 -8.89999986E-01  0.00000000E+00  0.00000000E+00  0.00000000E+00  6.32754671E-02  0.
    12 -8.79999995E-01  0.00000000E+00  0.00000000E+00  0.00000000E+00  6.18232187E-02  0.
    13 -8.70000005E-01  0.00000000E+00  0.00000000E+00  0.00000000E+00  6.03871616E-02  0.
    14 -8.60000014E-01  0.00000000E+00  0.00000000E+00  0.00000000E+00  5.89674079E-02  0.
    15 -8.50000024E-01  0.00000000E+00  0.00000000E+00  0.00000000E+00  5.75639228E-02  0.
    16 -8.39999974E-01  0.00000000E+00  0.00000000E+00  0.00000000E+00  5.61767125E-02  0.
    17 -8.29999983E-01  0.00000000E+00  0.00000000E+00  0.00000000E+00  5.48058078E-02  0.
    18 -8.19999993E-01  0.00000000E+00  0.00000000E+00  0.00000000E+00  5.34512107E-02  0.
    19 -8.10000002E-01  0.00000000E+00  0.00000000E+00  0.00000000E+00  5.21129358E-02  0.
    20 -8.00000012E-01  0.00000000E+00  0.00000000E+00  0.00000000E+00  5.07910062E-02  0.
    21 -7.90000021E-01  0.00000000E+00  0.00000000E+00  0.00000000E+00  4.94854313E-02  0.
    22 -7.79999971E-01  0.00000000E+00  0.00000000E+00  0.00000000E+00  4.81962147E-02  0.
    23 -7.69999981E-01  0.00000000E+00  0.00000000E+00  0.00000000E+00  4.69233893E-02  0.
    24 -7.59999990E-01  0.00000000E+00  0.00000000E+00  0.00000000E+00  4.56669579E-02  0.
    25 -7.50000000E-01  0.00000000E+00  0.00000000E+00  0.00000000E+00  4.44269336E-02  0.
    26 -7.40000010E-01  0.00000000E+00  0.00000000E+00  0.00000000E+00  4.32033235E-02  0.
    27 -7.30000019E-01  0.00000000E+00  0.00000000E+00  0.00000000E+00  4.19961463E-02  0.
    28 -7.20000029E-01  0.00000000E+00  0.00000000E+00  0.00000000E+00  4.08054146E-02  0.
    29 -7.09999979E-01  0.00000000E+00  0.00000000E+00  0.00000000E+00  3.96311352E-02  0.
    30 -6.99999988E-01  0.00000000E+00  0.00000000E+00  0.00000000E+00  3.84733331E-02  0.
    31 -6.89999998E-01  0.00000000E+00  0.00000000E+00  0.00000000E+00  3.73320188E-02  0.
    32 -6.80000007E-01  0.00000000E+00  0.00000000E+00  0.00000000E+00  3.62072033E-02  0.
    33 -6.70000017E-01  0.00000000E+00  0.00000000E+00  0.00000000E+00  3.50989030E-02  0.
    34 -6.60000026E-01  0.00000000E+00  0.00000000E+00  0.00000000E+00  3.40070884E-02  0.
    35 -6.49999976E-01  0.00000000E+00  0.00000000E+00  0.00000000E+00  3.29318707E-02  0.
    36 -6.39999986E-01  0.00000000E+00  0.00000000E+00  0.00000000E+00  3.18732004E-02  0.
    37 -6.29999995E-01  0.00000000E+00  0.00000000E+00  0.00000000E+00  3.08311000E-02  0.
    38 -6.20000005E-01  0.00000000E+00  0.00000000E+00  0.00000000E+00  2.98055805E-02  0.
    39 -6.10000014E-01  0.00000000E+00  0.00000000E+00  0.00000000E+00  2.87966633E-02  0.
    40 -6.00000024E-01  0.00000000E+00  0.00000000E+00  0.00000000E+00  2.78043583E-02  0.
    41 -5.89999974E-01  0.00000000E+00  0.00000000E+00  0.00000000E+00  2.68286762E-02  0.
    42 -5.79999983E-01  0.00000000E+00  0.00000000E+00  0.00000000E+00  2.58696392E-02  0.
    43 -5.69999993E-01  0.00000000E+00  0.00000000E+00  0.00000000E+00  2.49272608E-02  0.
    44 -5.60000002E-01  0.00000000E+00  0.00000000E+00  0.00000000E+00  2.40015556E-02  0.
    45 -5.50000012E-01  0.00000000E+00  0.00000000E+00  0.00000000E+00  2.30925354E-02  0.
    46 -5.40000021E-01  0.00000000E+00  0.00000000E+00  0.00000000E+00  2.22002230E-02  0.
    47 -5.29999971E-01  0.00000000E+00  0.00000000E+00  0.00000000E+00  2.13246227E-02  0.
    48 -5.19999981E-01  0.00000000E+00  0.00000000E+00  0.00000000E+00  2.04657672E-02  0.
    49 -5.09999990E-01  0.00000000E+00  0.00000000E+00  0.00000000E+00  1.96236654E-02  0.
    50 -5.00000000E-01  0.00000000E+00  0.00000000E+00  0.00000000E+00  1.87983366E-02  0.
    51 -4.90000010E-01  0.00000000E+00  0.00000000E+00  0.00000000E+00  1.79897979E-02  0.
    52 -4.79999989E-01  0.00000000E+00  0.00000000E+00  0.00000000E+00  1.71980670E-02  0.
    53 -4.69999999E-01  0.00000000E+00  0.00000000E+00  0.00000000E+00  1.64231662E-02  0.
    54 -4.60000008E-01  0.00000000E+00  0.00000000E+00  0.00000000E+00  1.56651148E-02  0.
    55 -4.49999988E-01  0.00000000E+00  0.00000000E+00  0.00000000E+00  1.49239322E-02  0.
    56 -4.39999998E-01  0.00000000E+00  0.00000000E+00  0.00000000E+00  1.41996428E-02  0.
    57 -4.30000007E-01  0.00000000E+00  0.00000000E+00  0.00000000E+00  1.34922693E-02  0.
    58 -4.19999987E-01  0.00000000E+00  0.00000000E+00  0.00000000E+00  1.28018328E-02  0.
    59 -4.09999996E-01  0.00000000E+00  0.00000000E+00  0.00000000E+00  1.21283622E-02  0.
    60 -4.00000006E-01  0.00000000E+00  0.00000000E+00  0.00000000E+00  1.14718824E-02  0.
    61 -3.89999986E-01  0.00000000E+00  0.00000000E+00  0.00000000E+00  1.08324207E-02  0.
    62 -3.79999995E-01  0.00000000E+00  0.00000000E+00  0.00000000E+00  1.02100087E-02  0.
    63 -3.70000005E-01  0.00000000E+00  0.00000000E+00  0.00000000E+00  9.60467876E-03  0.
    64 -3.60000014E-01  0.00000000E+00  0.00000000E+00  0.00000000E+00  9.01646354E-03  0.
    65 -3.49999994E-01  0.00000000E+00  0.00000000E+00  0.00000000E+00  8.44539804E-03  0.
    66 -3.40000004E-01  0.00000000E+00  0.00000000E+00  0.00000000E+00  7.89152508E-03  0.
    67 -3.30000013E-01  0.00000000E+00  0.00000000E+00  0.00000000E+00  7.35488538E-03  0.
    68 -3.19999993E-01  0.00000000E+00  0.00000000E+00  0.00000000E+00  6.83552382E-03  0.
    69 -3.10000002E-01  0.00000000E+00  0.00000000E+00  0.00000000E+00  6.33349395E-03  0.
    70 -3.00000012E-01  0.00000000E+00  0.00000000E+00  0.00000000E+00  5.84884845E-03  0.
    71 -2.89999992E-01  0.00000000E+00  0.00000000E+00  0.00000000E+00  5.38164756E-03  0.
    72 -2.80000001E-01  0.00000000E+00  0.00000000E+00  0.00000000E+00  4.93196112E-03  0.
    73 -2.70000011E-01  0.00000000E+00  0.00000000E+00  0.00000000E+00  4.49986093E-03  0.
    74 -2.59999990E-01  0.00000000E+00  0.00000000E+00  0.00000000E+00  4.08543422E-03  0.
    75 -2.50000000E-01  0.00000000E+00  0.00000000E+00  0.00000000E+00  3.68877381E-03  0.
    76 -2.39999995E-01  0.00000000E+00  0.00000000E+00  0.00000000E+00  3.30998677E-03  0.
    77 -2.30000004E-01  0.00000000E+00  0.00000000E+00  0.00000000E+00  2.94919632E-03  0.
    78 -2.19999999E-01  0.00000000E+00  0.00000000E+00  0.00000000E+00  2.60654191E-03  0.
    79 -2.09999993E-01  0.00000000E+00  0.00000000E+00  0.00000000E+00  2.28221251E-03  0.
    80 -2.00000003E-01  0.00000000E+00  0.00000000E+00  0.00000000E+00  1.97634506E-03  0.
    81 -1.89999998E-01  0.00000000E+00  0.00000000E+00  0.00000000E+00  1.68920654E-03  0.
    82 -1.80000007E-01  0.00000000E+00  0.00000000E+00  0.00000000E+00  1.42106630E-03  0.
    83 -1.70000002E-01  0.00000000E+00  0.00000000E+00  0.00000000E+00  1.17226384E-03  0.
    84 -1.59999996E-01  0.00000000E+00  0.00000000E+00  0.00000000E+00  9.43221822E-04  0.
    85 -1.50000006E-01  0.00000000E+00  0.00000000E+00  0.00000000E+00  7.34494452E-04  0.
    86 -1.40000001E-01  0.00000000E+00  0.00000000E+00  0.00000000E+00  5.46781088E-04  0.
    87 -1.29999995E-01  0.00000000E+00  0.00000000E+00  0.00000000E+00  3.81145882E-04  0.
    88 -1.19999997E-01  0.00000000E+00  0.00000000E+00  0.00000000E+00  2.38865793E-04  0.
    89 -1.09999999E-01  0.00000000E+00  0.00000000E+00  0.00000000E+00  1.22871974E-04  0.
    90 -1.00000001E-01  0.00000000E+00  0.00000000E+00  0.00000000E+00  3.57891034E-05  0.
    91 -9.00000036E-02  1.52760232E+02 -9.16561390E+01  1.59213073E-04 -7.63801159E-07  2.
    92 -7.99999982E-02  3.91948171E+02 -1.69439735E+02  4.88571359E-05 -1.95974085E-06  1.
    93 -7.00000003E-02  5.34091734E+02  8.67714182E+01  1.02780459E-05 -2.67045867E-06  1.
    94 -5.99999987E-02  6.27476352E+02  6.98791363E+01  0.00000000E+00 -3.13738176E-06  1.
    95 -5.00000007E-02  6.97216659E+02  3.48353757E+01  0.00000000E+00 -3.48608330E-06  1.
    96 -3.99999991E-02  7.49308953E+02  2.38355157E+01  0.00000000E+00 -3.74654477E-06  1.
    97 -2.99999993E-02  7.87481726E+02  1.92296252E+01  0.00000000E+00 -3.93740863E-06  1.
    98 -1.99999996E-02  8.13661716E+02  1.61997836E+01  0.00000000E+00 -4.06830858E-06  1.
    99 -9.99999978E-03  8.28956799E+02  1.40905914E+01  0.00000000E+00 -4.14478399E-06  1.
   100  0.00000000E+00  8.33995207E+02  1.33799372E+01  0.00000000E+00 -4.16997603E-06  1.
   101  9.99999978E-03  8.28955746E+02  1.33832901E+01  0.00000000E+00 -4.14477873E-06  1.
   102  1.99999996E-02  8.13644699E+02  1.34913582E+01  0.00000000E+00 -4.06822349E-06  1.
   103  2.99999993E-02  7.87478812E+02  1.51250966E+01  0.00000000E+00 -3.93739406E-06  1.
   104  3.99999991E-02  7.49251987E+02  1.91819324E+01  0.00000000E+00 -3.74625993E-06  1.
   105  5.00000007E-02  6.97117134E+02  2.82893994E+01  0.00000000E+00 -3.48558567E-06  1.
   106  5.99999987E-02  6.26982905E+02  5.79169019E+01  0.00000000E+00 -3.13491452E-06  1.
   107  7.00000003E-02  5.33574077E+02  8.98434343E+01  6.95712775E-06 -2.66787039E-06  1.
   108  7.99999982E-02  3.91713584E+02 -1.60803307E+02  4.44063147E-05 -1.95856792E-06  1.
   109  9.00000036E-02  1.54273116E+02 -9.25638696E+01  1.52698024E-04 -7.71365580E-07  2.
   110  1.00000001E-01  0.00000000E+00  0.00000000E+00  0.00000000E+00  3.53967949E-05  0.
   111  1.09999999E-01  0.00000000E+00  0.00000000E+00  0.00000000E+00  1.22399203E-04  0.
   112  1.19999997E-01  0.00000000E+00  0.00000000E+00  0.00000000E+00  2.38276830E-04  0.
   113  1.29999995E-01  0.00000000E+00  0.00000000E+00  0.00000000E+00  3.80479332E-04  0.
   114  1.40000001E-01  0.00000000E+00  0.00000000E+00  0.00000000E+00  5.46032542E-04  0.
   115  1.50000006E-01  0.00000000E+00  0.00000000E+00  0.00000000E+00  7.33671408E-04  0.
   116  1.59999996E-01  0.00000000E+00  0.00000000E+00  0.00000000E+00  9.42325114E-04  0.
   117  1.70000002E-01  0.00000000E+00  0.00000000E+00  0.00000000E+00  1.17129590E-03  0.
   118  1.80000007E-01  0.00000000E+00  0.00000000E+00  0.00000000E+00  1.42002814E-03  0.
   119  1.89999998E-01  0.00000000E+00  0.00000000E+00  0.00000000E+00  1.68809934E-03  0.
   120  2.00000003E-01  0.00000000E+00  0.00000000E+00  0.00000000E+00  1.97516954E-03  0.
   121  2.09999993E-01  0.00000000E+00  0.00000000E+00  0.00000000E+00  2.28096123E-03  0.
   122  2.19999999E-01  0.00000000E+00  0.00000000E+00  0.00000000E+00  2.60524592E-03  0.
   123  2.30000004E-01  0.00000000E+00  0.00000000E+00  0.00000000E+00  2.94781923E-03  0.
   124  2.39999995E-01  0.00000000E+00  0.00000000E+00  0.00000000E+00  3.30856587E-03  0.
   125  2.50000000E-01  0.00000000E+00  0.00000000E+00  0.00000000E+00  3.68728475E-03  0.
   126  2.59999990E-01  0.00000000E+00  0.00000000E+00  0.00000000E+00  4.08387670E-03  0.
   127  2.70000011E-01  0.00000000E+00  0.00000000E+00  0.00000000E+00  4.49823643E-03  0.
   128  2.80000001E-01  0.00000000E+00  0.00000000E+00  0.00000000E+00  4.93026835E-03  0.
   129  2.89999992E-01  0.00000000E+00  0.00000000E+00  0.00000000E+00  5.37988842E-03  0.
   130  3.00000012E-01  0.00000000E+00  0.00000000E+00  0.00000000E+00  5.84702321E-03  0.
   131  3.10000002E-01  0.00000000E+00  0.00000000E+00  0.00000000E+00  6.33160472E-03  0.
   132  3.19999993E-01  0.00000000E+00  0.00000000E+00  0.00000000E+00  6.83357086E-03  0.
   133  3.30000013E-01  0.00000000E+00  0.00000000E+00  0.00000000E+00  7.35286843E-03  0.
   134  3.40000004E-01  0.00000000E+00  0.00000000E+00  0.00000000E+00  7.88944426E-03  0.
   135  3.49999994E-01  0.00000000E+00  0.00000000E+00  0.00000000E+00  8.44325342E-03  0.
   136  3.60000014E-01  0.00000000E+00  0.00000000E+00  0.00000000E+00  9.01425520E-03  0.
   137  3.70000005E-01  0.00000000E+00  0.00000000E+00  0.00000000E+00  9.60240675E-03  0.
   138  3.79999995E-01  0.00000000E+00  0.00000000E+00  0.00000000E+00  1.02076731E-02  0.
   139  3.89999986E-01  0.00000000E+00  0.00000000E+00  0.00000000E+00  1.08300217E-02  0.
   140  4.00000006E-01  0.00000000E+00  0.00000000E+00  0.00000000E+00  1.14694199E-02  0.
   141  4.09999996E-01  0.00000000E+00  0.00000000E+00  0.00000000E+00  1.21258363E-02  0.
   142  4.19999987E-01  0.00000000E+00  0.00000000E+00  0.00000000E+00  1.27992436E-02  0.
   143  4.30000007E-01  0.00000000E+00  0.00000000E+00  0.00000000E+00  1.34896169E-02  0.
   144  4.39999998E-01  0.00000000E+00  0.00000000E+00  0.00000000E+00  1.41969271E-02  0.
   145  4.49999988E-01  0.00000000E+00  0.00000000E+00  0.00000000E+00  1.49211533E-02  0.
   146  4.60000008E-01  0.00000000E+00  0.00000000E+00  0.00000000E+00  1.56622727E-02  0.
   147  4.69999999E-01  0.00000000E+00  0.00000000E+00  0.00000000E+00  1.64202611E-02  0.
   148  4.79999989E-01  0.00000000E+00  0.00000000E+00  0.00000000E+00  1.71950989E-02  0.
   149  4.90000010E-01  0.00000000E+00  0.00000000E+00  0.00000000E+00  1.79867666E-02  0.
   150  5.00000000E-01  0.00000000E+00  0.00000000E+00  0.00000000E+00  1.87952424E-02  0.
   151  5.09999990E-01  0.00000000E+00  0.00000000E+00  0.00000000E+00  1.96205082E-02  0.
   152  5.19999981E-01  0.00000000E+00  0.00000000E+00  0.00000000E+00  2.04625471E-02  0.
   153  5.29999971E-01  0.00000000E+00  0.00000000E+00  0.00000000E+00  2.13213396E-02  0.
   154  5.40000021E-01  0.00000000E+00  0.00000000E+00  0.00000000E+00  2.21968773E-02  0.
   155  5.50000012E-01  0.00000000E+00  0.00000000E+00  0.00000000E+00  2.30891266E-02  0.
   156  5.60000002E-01  0.00000000E+00  0.00000000E+00  0.00000000E+00  2.39980842E-02  0.
   157  5.69999993E-01  0.00000000E+00  0.00000000E+00  0.00000000E+00  2.49237265E-02  0.
   158  5.79999983E-01  0.00000000E+00  0.00000000E+00  0.00000000E+00  2.58660421E-02  0.
   159  5.89999974E-01  0.00000000E+00  0.00000000E+00  0.00000000E+00  2.68250192E-02  0.
   160  6.00000024E-01  0.00000000E+00  0.00000000E+00  0.00000000E+00  2.78006413E-02  0.
   161  6.10000014E-01  0.00000000E+00  0.00000000E+00  0.00000000E+00  2.87928864E-02  0.
   162  6.20000005E-01  0.00000000E+00  0.00000000E+00  0.00000000E+00  2.98017436E-02  0.
   163  6.29999995E-01  0.00000000E+00  0.00000000E+00  0.00000000E+00  3.08272241E-02  0.
   164  6.39999986E-01  0.00000000E+00  0.00000000E+00  0.00000000E+00  3.18692096E-02  0.
   165  6.49999976E-01  0.00000000E+00  0.00000000E+00  0.00000000E+00  3.29278329E-02  0.
   166  6.60000026E-01  0.00000000E+00  0.00000000E+00  0.00000000E+00  3.40030093E-02  0.
   167  6.70000017E-01  0.00000000E+00  0.00000000E+00  0.00000000E+00  3.50947231E-02  0.
   168  6.80000007E-01  0.00000000E+00  0.00000000E+00  0.00000000E+00  3.62029608E-02  0.
   169  6.89999998E-01  0.00000000E+00  0.00000000E+00  0.00000000E+00  3.73277137E-02  0.
   170  6.99999988E-01  0.00000000E+00  0.00000000E+00  0.00000000E+00  3.84689654E-02  0.
   171  7.09999979E-01  0.00000000E+00  0.00000000E+00  0.00000000E+00  3.96267047E-02  0.
   172  7.20000029E-01  0.00000000E+00  0.00000000E+00  0.00000000E+00  4.08009217E-02  0.
   173  7.30000019E-01  0.00000000E+00  0.00000000E+00  0.00000000E+00  4.19915909E-02  0.
   174  7.40000010E-01  0.00000000E+00  0.00000000E+00  0.00000000E+00  4.31987056E-02  0.
   175  7.50000000E-01  0.00000000E+00  0.00000000E+00  0.00000000E+00  4.44222527E-02  0.
   176  7.59999990E-01  0.00000000E+00  0.00000000E+00  0.00000000E+00  4.56622151E-02  0.
   177  7.69999981E-01  0.00000000E+00  0.00000000E+00  0.00000000E+00  4.69185913E-02  0.
   178  7.79999971E-01  0.00000000E+00  0.00000000E+00  0.00000000E+00  4.81913615E-02  0.
   179  7.90000021E-01  0.00000000E+00  0.00000000E+00  0.00000000E+00  4.94805168E-02  0.
   180  8.00000012E-01  0.00000000E+00  0.00000000E+00  0.00000000E+00  5.07860379E-02  0.
   181  8.10000002E-01  0.00000000E+00  0.00000000E+00  0.00000000E+00  5.21079119E-02  0.
   182  8.19999993E-01  0.00000000E+00  0.00000000E+00  0.00000000E+00  5.34461248E-02  0.
   183  8.29999983E-01  0.00000000E+00  0.00000000E+00  0.00000000E+00  5.48006595E-02  0.
   184  8.39999974E-01  0.00000000E+00  0.00000000E+00  0.00000000E+00  5.61715015E-02  0.
   185  8.50000024E-01  0.00000000E+00  0.00000000E+00  0.00000000E+00  5.75586497E-02  0.
   186  8.60000014E-01  0.00000000E+00  0.00000000E+00  0.00000000E+00  5.89620728E-02  0.
   187  8.70000005E-01  0.00000000E+00  0.00000000E+00  0.00000000E+00  6.03817279E-02  0.
   188  8.79999995E-01  0.00000000E+00  0.00000000E+00  0.00000000E+00  6.18177052E-02  0.
   189  8.89999986E-01  0.00000000E+00  0.00000000E+00  0.00000000E+00  6.32699159E-02  0.
   190  8.99999976E-01  0.00000000E+00  0.00000000E+00  0.00000000E+00  6.47383579E-02  0.
   191  9.10000026E-01  0.00000000E+00  0.00000000E+00  0.00000000E+00  6.62230250E-02  0.
   192  9.20000017E-01  0.00000000E+00  0.00000000E+00  0.00000000E+00  6.77238811E-02  0.
   193  9.30000007E-01  0.00000000E+00  0.00000000E+00  0.00000000E+00  6.92409214E-02  0.
   194  9.39999998E-01  0.00000000E+00  0.00000000E+00  0.00000000E+00  7.07741312E-02  0.
   195  9.49999988E-01  0.00000000E+00  0.00000000E+00  0.00000000E+00  7.23235148E-02  0.
   196  9.59999979E-01  0.00000000E+00  0.00000000E+00  0.00000000E+00  7.38890497E-02  0.
   197  9.70000029E-01  0.00000000E+00  0.00000000E+00  0.00000000E+00  7.54707367E-02  0.
   198  9.80000019E-01  0.00000000E+00  0.00000000E+00  0.00000000E+00  7.70685216E-02  0.
   199  9.90000010E-01  0.00000000E+00  0.00000000E+00  0.00000000E+00  7.86824273E-02  0.
STEP   5 TIME  5.00000000E+00
     1 -9.90000010E-01  0.00000000E+00  0.00000000E+00  0.00000000E+00  7.85646249E-02  0.
     2 -9.80000019E-01  0.00000000E+00  0.00000000E+00  0.00000000E+00  7.69522659E-02  0.
     3 -9.70000029E-01  0.00000000E+00  0.00000000E+00  0.00000000E+00  7.53559952E-02  0.
     4 -9.59999979E-01  0.00000000E+00  0.00000000E+00  0.00000000E+00  7.37758299E-02  0.
     5 -9.49999988E-01  0.00000000E+00  0.00000000E+00  0.00000000E+00  7.22117932E-02  0.
     6 -9.39999998E-01  0.00000000E+00  0.00000000E+00  0.00000000E+00  7.06638951E-02  0.
     7 -9.30000007E-01  0.00000000E+00  0.00000000E+00  0.00000000E+00  6.91321490E-02  0.
     8 -9.20000017E-01  0.00000000E+00  0.00000000E+00  0.00000000E+00  6.76165874E-02  0.
     9 -9.10000026E-01  0.00000000E+00  0.00000000E+00  0.00000000E+00  6.61172138E-02  0.
    10 -8.99999976E-01  0.00000000E+00  0.00000000E+00  0.00000000E+00  6.46340387E-02  0.
    11 -8.89999986E-01  0.00000000E+00  0.00000000E+00  0.00000000E+00  6.31670831E-02  0.
    12 -8.79999995E-01  0.00000000E+00  0.00000000E+00  0.00000000E+00  6.17163497E-02  0.
    13 -8.70000005E-01  0.00000000E+00  0.00000000E+00  0.00000000E+00  6.02818559E-02  0.
    14 -8.60000014E-01  0.00000000E+00  0.00000000E+00  0.00000000E+00  5.88636118E-02  0.
    15 -8.50000024E-01  0.00000000E+00  0.00000000E+00  0.00000000E+00  5.74616367E-02  0.
    16 -8.39999974E-01  0.00000000E+00  0.00000000E+00  0.00000000E+00  5.60759704E-02  0.
    17 -8.29999983E-01  0.00000000E+00  0.00000000E+00  0.00000000E+00  5.47065134E-02  0.
    18 -8.19999993E-01  0.00000000E+00  0.00000000E+00  0.00000000E+00  5.33534557E-02  0.
    19 -8.10000002E-01  0.00000000E+00  0.00000000E+00  0.00000000E+00  5.20167031E-02  0.
    20 -8.00000012E-01  0.00000000E+00  0.00000000E+00  0.00000000E+00  5.06962876E-02  0.
    21 -7.90000021E-01  0.00000000E+00  0.00000000E+00  0.00000000E+00  4.93922166E-02  0.
    22 -7.79999971E-01  0.00000000E+00  0.00000000E+00  0.00000000E+00  4.81045025E-02  0.
    23 -7.69999981E-01  0.00000000E+00  0.00000000E+00  0.00000000E+00  4.68331683E-02  0.
    24 -7.59999990E-01  0.00000000E+00  0.00000000E+00  0.00000000E+00  4.55782210E-02  0.
    25 -7.50000000E-01  0.00000000E+00  0.00000000E+00  0.00000000E+00  4.43396780E-02  0.
    26 -7.40000010E-01  0.00000000E+00  0.00000000E+00  0.00000000E+00  4.31175557E-02  0.
    27 -7.30000019E-01  0.00000000E+00  0.00000000E+00  0.00000000E+00  4.19118627E-02  0.
    28 -7.20000029E-01  0.00000000E+00  0.00000000E+00  0.00000000E+00  4.07226142E-02  0.
    29 -7.09999979E-01  0.00000000E+00  0.00000000E+00  0.00000000E+00  3.95498165E-02  0.
    30 -6.99999988E-01  0.00000000E+00  0.00000000E+00  0.00000000E+00  3.83934986E-02  0.
    31 -6.89999998E-01  0.00000000E+00  0.00000000E+00  0.00000000E+00  3.72536634E-02  0.
    32 -6.80000007E-01  0.00000000E+00  0.00000000E+00  0.00000000E+00  3.61303233E-02  0.
    33 -6.70000017E-01  0.00000000E+00  0.00000000E+00  0.00000000E+00  3.50234934E-02  0.
    34 -6.60000026E-01  0.00000000E+00  0.00000000E+00  0.00000000E+00  3.39331845E-02  0.
    35 -6.49999976E-01  0.00000000E+00  0.00000000E+00  0.00000000E+00  3.28594076E-02  0.
    36 -6.39999986E-01  0.00000000E+00  0.00000000E+00  0.00000000E+00  3.18021890E-02  0.
    37 -6.29999995E-01  0.00000000E+00  0.00000000E+00  0.00000000E+00  3.07615341E-02  0.
    38 -6.20000005E-01  0.00000000E+00  0.00000000E+00  0.00000000E+00  2.97374569E-02  0.
    39 -6.10000014E-01  0.00000000E+00  0.00000000E+00  0.00000000E+00  2.87299755E-02  0.
    40 -6.00000024E-01  0.00000000E+00  0.00000000E+00  0.00000000E+00  2.77391004E-02  0.
    41 -5.89999974E-01  0.00000000E+00  0.00000000E+00  0.00000000E+00  2.67648441E-02  0.
    42 -5.79999983E-01  0.00000000E+00  0.00000000E+00  0.00000000E+00  2.58072282E-02  0.
    43 -5.69999993E-01  0.00000000E+00  0.00000000E+00  0.00000000E+00  2.48662667E-02  0.
    44 -5.60000002E-01  0.00000000E+00  0.00000000E+00  0.00000000E+00  2.39419742E-02  0.
    45 -5.50000012E-01  0.00000000E+00  0.00000000E+00  0.00000000E+00  2.30343607E-02  0.
    46 -5.40000021E-01  0.00000000E+00  0.00000000E+00  0.00000000E+00  2.21434523E-02  0.
    47 -5.29999971E-01  0.00000000E+00  0.00000000E+00  0.00000000E+00  2.12691987E-02  0.
    48 -5.19999981E-01  0.00000000E+00  0.00000000E+00  0.00000000E+00  2.04117640E-02  0.
    49 -5.09999990E-01  0.00000000E+00  0.00000000E+00  0.00000000E+00  1.95710489E-02  0.
    50 -5.00000000E-01  0.00000000E+00  0.00000000E+00  0.00000000E+00  1.87471039E-02  0.
    51 -4.90000010E-01  0.00000000E+00  0.00000000E+00  0.00000000E+00  1.79399428E-02  0.
    52 -4.79999989E-01  0.00000000E+00  0.00000000E+00  0.00000000E+00  1.71495846E-02  0.
    53 -4.69999999E-01  0.00000000E+00  0.00000000E+00  0.00000000E+00  1.63760495E-02  0.
    54 -4.60000008E-01  0.00000000E+00  0.00000000E+00  0.00000000E+00  1.56193581E-02  0.
    55 -4.49999988E-01  0.00000000E+00  0.00000000E+00  0.00000000E+00  1.48795299E-02  0.
    56 -4.39999998E-01  0.00000000E+00  0.00000000E+00  0.00000000E+00  1.41565878E-02  0.
    57 -4.30000007E-01  0.00000000E+00  0.00000000E+00  0.00000000E+00  1.34505557E-02  0.
    58 -4.19999987E-01  0.00000000E+00  0.00000000E+00  0.00000000E+00  1.27614538E-02  0.
    59 -4.09999996E-01  0.00000000E+00  0.00000000E+00  0.00000000E+00  1.20893107E-02  0.
    60 -4.00000006E-01  0.00000000E+00  0.00000000E+00  0.00000000E+00  1.14341514E-02  0.
    61 -3.89999986E-01  0.00000000E+00  0.00000000E+00  0.00000000E+00  1.07960034E-02  0.
    62 -3.79999995E-01  0.00000000E+00  0.00000000E+00  0.00000000E+00  1.01748970E-02  0.
    63 -3.70000005E-01  0.00000000E+00  0.00000000E+00  0.00000000E+00  9.57086564E-03  0.
    64 -3.60000014E-01  0.00000000E+00  0.00000000E+00  0.00000000E+00  8.98394117E-03  0.
    65 -3.49999994E-01  0.00000000E+00  0.00000000E+00  0.00000000E+00  8.41415830E-03  0.
    66 -3.40000004E-01  0.00000000E+00  0.00000000E+00  0.00000000E+00  7.86155938E-03  0.
    67 -3.30000013E-01  0.00000000E+00  0.00000000E+00  0.00000000E+00  7.32622594E-03  0.
    68 -3.19999993E-01  0.00000000E+00  0.00000000E+00  0.00000000E+00  6.80810770E-03  0.
    69 -3.10000002E-01  0.00000000E+00  0.00000000E+00  0.00000000E+00  6.30732774E-03  0.
    70 -3.00000012E-01  0.00000000E+00  0.00000000E+00  0.00000000E+00  5.82392289E-03  0.
    71 -2.89999992E-01  0.00000000E+00  0.00000000E+00  0.00000000E+00  5.35795353E-03  0.
    72 -2.80000001E-01  0.00000000E+00  0.00000000E+00  0.00000000E+00  4.90948916E-03  0.
    73 -2.70000011E-01  0.00000000E+00  0.00000000E+00  0.00000000E+00  4.47860262E-03  0.
    74 -2.59999990E-01  0.00000000E+00  0.00000000E+00  0.00000000E+00  4.06537627E-03  0.
    75 -2.50000000E-01  0.00000000E+00  0.00000000E+00  0.00000000E+00  3.66990578E-03  0.
    76 -2.39999995E-01  0.00000000E+00  0.00000000E+00  0.00000000E+00  3.29229738E-03  0.
    77 -2.30000004E-01  0.00000000E+00  0.00000000E+00  0.00000000E+00  2.93267294E-03  0.
    78 -2.19999999E-01  0.00000000E+00  0.00000000E+00  0.00000000E+00  2.59117241E-03  0.
    79 -2.09999993E-01  0.00000000E+00  0.00000000E+00  0.00000000E+00  2.26796007E-03  0.
    80 -2.00000003E-01  0.00000000E+00  0.00000000E+00  0.00000000E+00  1.96322874E-03  0.
    81 -1.89999998E-01  0.00000000E+00  0.00000000E+00  0.00000000E+00  1.67720696E-03  0.
    82 -1.80000007E-01  0.00000000E+00  0.00000000E+00  0.00000000E+00  1.41017209E-03  0.
    83 -1.70000002E-01  0.00000000E+00  0.00000000E+00  0.00000000E+00  1.16246471E-03  0.
    84 -1.59999996E-01  0.00000000E+00  0.00000000E+00  0.00000000E+00  9.34507497E-04  0.
    85 -1.50000006E-01  0.00000000E+00  0.00000000E+00  0.00000000E+00  7.26858274E-04  0.
    86 -1.40000001E-01  0.00000000E+00  0.00000000E+00  0.00000000E+00  5.40215290E-04  0.
    87 -1.29999995E-01  0.00000000E+00  0.00000000E+00  0.00000000E+00  3.75658103E-04  0.
    88 -1.19999997E-01  0.00000000E+00  0.00000000E+00  0.00000000E+00  2.34450291E-04  0.
    89 -1.09999999E-01  0.00000000E+00  0.00000000E+00  0.00000000E+00  1.19615355E-04  0.
    90 -1.00000001E-01  0.00000000E+00  0.00000000E+00  0.00000000E+00  3.36563272E-05  0.
    91 -9.00000036E-02  1.60168201E+02 -9.61009204E+01  3.03329873E-04 -8.00841003E-07  2.
    92 -7.99999982E-02  3.94643930E+02 -2.36786358E+02  1.42239860E-04 -1.97321965E-06  2.
    93 -7.00000003E-02  5.35188088E+02 -3.21112853E+02  2.75378030E-05 -2.67594044E-06  2.
    94 -5.99999987E-02  6.28428289E+02 -2.46166766E+02  0.00000000E+00 -3.14214144E-06  1.
    95 -5.00000007E-02  6.98094727E+02 -1.92634185E+02  0.00000000E+00 -3.49047364E-06  1.
    96 -3.99999991E-02  7.50000384E+02 -1.70378491E+02  0.00000000E+00 -3.75000192E-06  1.
    97 -2.99999993E-02  7.87991293E+02 -1.57780149E+02  0.00000000E+00 -3.93995646E-06  1.
    98 -1.99999996E-02  8.13968671E+02 -1.50978855E+02  0.00000000E+00 -4.06984335E-06  1.
    99 -9.99999978E-03  8.29090209E+02 -1.47992515E+02  0.00000000E+00 -4.14545105E-06  1.
   100  0.00000000E+00  8.33950897E+02 -1.47094844E+02  0.00000000E+00 -4.16975449E-06  1.
   101  9.99999978E-03  8.28732454E+02 -1.48723143E+02  0.00000000E+00 -4.14366227E-06  1.
   102  1.99999996E-02  8.13243307E+02 -1.53738161E+02  0.00000000E+00 -4.06621654E-06  1.
   103  2.99999993E-02  7.86865874E+02 -1.61966178E+02  0.00000000E+00 -3.93432937E-06  1.
   104  3.99999991E-02  7.48444085E+02 -1.75167661E+02  0.00000000E+00 -3.74222043E-06  1.
   105  5.00000007E-02  6.96090539E+02 -1.99370471E+02  0.00000000E+00 -3.48045270E-06  1.
   106  5.99999987E-02  6.25784617E+02 -2.58465138E+02  0.00000000E+00 -3.12892309E-06  1.
   107  7.00000003E-02  5.32156036E+02 -3.19293622E+02  2.41810009E-05 -2.66078018E-06  2.
   108  7.99999982E-02  3.88723853E+02 -2.33234312E+02  1.37572056E-04 -1.94361926E-06  2.
   109  9.00000036E-02  1.46758076E+02 -8.80548453E+01  2.98228036E-04 -7.33790378E-07  2.
   110  1.00000001E-01  0.00000000E+00  0.00000000E+00  0.00000000E+00  3.75340217E-05  0.
   111  1.09999999E-01  0.00000000E+00  0.00000000E+00  0.00000000E+00  1.25652802E-04  0.
   112  1.19999997E-01  0.00000000E+00  0.00000000E+00  0.00000000E+00  2.42692311E-04  0.
   113  1.29999995E-01  0.00000000E+00  0.00000000E+00  0.00000000E+00  3.85968704E-04  0.
   114  1.40000001E-01  0.00000000E+00  0.00000000E+00  0.00000000E+00  5.52601234E-04  0.
   115  1.50000006E-01  0.00000000E+00  0.00000000E+00  0.00000000E+00  7.41311703E-04  0.
   116  1.59999996E-01  0.00000000E+00  0.00000000E+00  0.00000000E+00  9.51031981E-04  0.
   117  1.70000002E-01  0.00000000E+00  0.00000000E+00  0.00000000E+00  1.18111587E-03  0.
   118  1.80000007E-01  0.00000000E+00  0.00000000E+00  0.00000000E+00  1.43095043E-03  0.
   119  1.89999998E-01  0.00000000E+00  0.00000000E+00  0.00000000E+00  1.70013548E-03  0.
   120  2.00000003E-01  0.00000000E+00  0.00000000E+00  0.00000000E+00  1.98833268E-03  0.
   121  2.09999993E-01  0.00000000E+00  0.00000000E+00  0.00000000E+00  2.29526347E-03  0.
   122  2.19999999E-01  0.00000000E+00  0.00000000E+00  0.00000000E+00  2.62070189E-03  0.
   123  2.30000004E-01  0.00000000E+00  0.00000000E+00  0.00000000E+00  2.96444934E-03  0.
   124  2.39999995E-01  0.00000000E+00  0.00000000E+00  0.00000000E+00  3.32634298E-03  0.
   125  2.50000000E-01  0.00000000E+00  0.00000000E+00  0.00000000E+00  3.70624258E-03  0.
   126  2.59999990E-01  0.00000000E+00  0.00000000E+00  0.00000000E+00  4.10402555E-03  0.
   127  2.70000011E-01  0.00000000E+00  0.00000000E+00  0.00000000E+00  4.51958555E-03  0.
   128  2.80000001E-01  0.00000000E+00  0.00000000E+00  0.00000000E+00  4.95282620E-03  0.
   129  2.89999992E-01  0.00000000E+00  0.00000000E+00  0.00000000E+00  5.40366471E-03  0.
   130  3.00000012E-01  0.00000000E+00  0.00000000E+00  0.00000000E+00  5.87202761E-03  0.
   131  3.10000002E-01  0.00000000E+00  0.00000000E+00  0.00000000E+00  6.35784472E-03  0.
   132  3.19999993E-01  0.00000000E+00  0.00000000E+00  0.00000000E+00  6.86105596E-03  0.
   133  3.30000013E-01  0.00000000E+00  0.00000000E+00  0.00000000E+00  7.38160802E-03  0.
   134  3.40000004E-01  0.00000000E+00  0.00000000E+00  0.00000000E+00  7.91944718E-03  0.
   135  3.49999994E-01  0.00000000E+00  0.00000000E+00  0.00000000E+00  8.47452839E-03  0.
   136  3.60000014E-01  0.00000000E+00  0.00000000E+00  0.00000000E+00  9.04681071E-03  0.
   137  3.70000005E-01  0.00000000E+00  0.00000000E+00  0.00000000E+00  9.63625117E-03  0.
   138  3.79999995E-01  0.00000000E+00  0.00000000E+00  0.00000000E+00  1.02428146E-02  0.
   139  3.89999986E-01  0.00000000E+00  0.00000000E+00  0.00000000E+00  1.08664675E-02  0.
   140  4.00000006E-01  0.00000000E+00  0.00000000E+00  0.00000000E+00  1.15071785E-02  0.
   141  4.09999996E-01  0.00000000E+00  0.00000000E+00  0.00000000E+00  1.21649146E-02  0.
   142  4.19999987E-01  0.00000000E+00  0.00000000E+00  0.00000000E+00  1.28396490E-02  0.
   143  4.30000007E-01  0.00000000E+00  0.00000000E+00  0.00000000E+00  1.35313569E-02  0.
   144  4.39999998E-01  0.00000000E+00  0.00000000E+00  0.00000000E+00  1.42400088E-02  0.
   145  4.49999988E-01  0.00000000E+00  0.00000000E+00  0.00000000E+00  1.49655829E-02  0.
   146  4.60000008E-01  0.00000000E+00  0.00000000E+00  0.00000000E+00  1.57080576E-02  0.
   147  4.69999999E-01  0.00000000E+00  0.00000000E+00  0.00000000E+00  1.64674073E-02  0.
   148  4.79999989E-01  0.00000000E+00  0.00000000E+00  0.00000000E+00  1.72436125E-02  0.
   149  4.90000010E-01  0.00000000E+00  0.00000000E+00  0.00000000E+00  1.80366550E-02  0.
   150  5.00000000E-01  0.00000000E+00  0.00000000E+00  0.00000000E+00  1.88465109E-02  0.
   151  5.09999990E-01  0.00000000E+00  0.00000000E+00  0.00000000E+00  1.96731633E-02  0.
   152  5.19999981E-01  0.00000000E+00  0.00000000E+00  0.00000000E+00  2.05165942E-02  0.
   153  5.29999971E-01  0.00000000E+00  0.00000000E+00  0.00000000E+00  2.13767851E-02  0.
   154  5.40000021E-01  0.00000000E+00  0.00000000E+00  0.00000000E+00  2.22537251E-02  0.
   155  5.50000012E-01  0.00000000E+00  0.00000000E+00  0.00000000E+00  2.31473848E-02  0.
   156  5.60000002E-01  0.00000000E+00  0.00000000E+00  0.00000000E+00  2.40577556E-02  0.
   157  5.69999993E-01  0.00000000E+00  0.00000000E+00  0.00000000E+00  2.49848185E-02  0.
   158  5.79999983E-01  0.00000000E+00  0.00000000E+00  0.00000000E+00  2.59285594E-02  0.
   159  5.89999974E-01  0.00000000E+00  0.00000000E+00  0.00000000E+00  2.68889630E-02  0.
   160  6.00000024E-01  0.00000000E+00  0.00000000E+00  0.00000000E+00  2.78660181E-02  0.
   161  6.10000014E-01  0.00000000E+00  0.00000000E+00  0.00000000E+00  2.88597000E-02  0.
   162  6.20000005E-01  0.00000000E+00  0.00000000E+00  0.00000000E+00  2.98699978E-02  0.
   163  6.29999995E-01  0.00000000E+00  0.00000000E+00  0.00000000E+00  3.08968993E-02  0.
   164  6.39999986E-01  0.00000000E+00  0.00000000E+00  0.00000000E+00  3.19403877E-02  0.
   165  6.49999976E-01  0.00000000E+00  0.00000000E+00  0.00000000E+00  3.30004483E-02  0.
   166  6.60000026E-01  0.00000000E+00  0.00000000E+00  0.00000000E+00  3.40770751E-02  0.
   167  6.70000017E-01  0.00000000E+00  0.00000000E+00  0.00000000E+00  3.51702424E-02  0.
   168  6.80000007E-01  0.00000000E+00  0.00000000E+00  0.00000000E+00  3.62799379E-02  0.
   169  6.89999998E-01  0.00000000E+00  0.00000000E+00  0.00000000E+00  3.74061518E-02  0.
   170  6.99999988E-01  0.00000000E+00  0.00000000E+00  0.00000000E+00  3.85488746E-02  0.
   171  7.09999979E-01  0.00000000E+00  0.00000000E+00  0.00000000E+00  3.97080881E-02  0.
   172  7.20000029E-01  0.00000000E+00  0.00000000E+00  0.00000000E+00  4.08838047E-02  0.
   173  7.30000019E-01  0.00000000E+00  0.00000000E+00  0.00000000E+00  4.20759090E-02  0.
   174  7.40000010E-01  0.00000000E+00  0.00000000E+00  0.00000000E+00  4.32845201E-02  0.
   175  7.50000000E-01  0.00000000E+00  0.00000000E+00  0.00000000E+00  4.45095681E-02  0.
   176  7.59999990E-01  0.00000000E+00  0.00000000E+00  0.00000000E+00  4.57510310E-02  0.
   177  7.69999981E-01  0.00000000E+00  0.00000000E+00  0.00000000E+00  4.70089073E-02  0.
   178  7.79999971E-01  0.00000000E+00  0.00000000E+00  0.00000000E+00  4.82831778E-02  0.
   179  7.90000021E-01  0.00000000E+00  0.00000000E+00  0.00000000E+00  4.95738336E-02  0.
   180  8.00000012E-01  0.00000000E+00  0.00000000E+00  0.00000000E+00  5.08808516E-02  0.
   181  8.10000002E-01  0.00000000E+00  0.00000000E+00  0.00000000E+00  5.22042214E-02  0.
   182  8.19999993E-01  0.00000000E+00  0.00000000E+00  0.00000000E+00  5.35439353E-02  0.
   183  8.29999983E-01  0.00000000E+00  0.00000000E+00  0.00000000E+00  5.48999847E-02  0.
   184  8.39999974E-01  0.00000000E+00  0.00000000E+00  0.00000000E+00  5.62723448E-02  0.
   185  8.50000024E-01  0.00000000E+00  0.00000000E+00  0.00000000E+00  5.76610219E-02  0.
   186  8.60000014E-01  0.00000000E+00  0.00000000E+00  0.00000000E+00  5.90659816E-02  0.
   187  8.70000005E-01  0.00000000E+00  0.00000000E+00  0.00000000E+00  6.04872131E-02  0.
   188  8.79999995E-01  0.00000000E+00  0.00000000E+00  0.00000000E+00  6.19246999E-02  0.
   189  8.89999986E-01  0.00000000E+00  0.00000000E+00  0.00000000E+00  6.33784327E-02  0.
   190  8.99999976E-01  0.00000000E+00  0.00000000E+00  0.00000000E+00  6.48483907E-02  0.
   191  9.10000026E-01  0.00000000E+00  0.00000000E+00  0.00000000E+00  6.63345310E-02  0.
   192  9.20000017E-01  0.00000000E+00  0.00000000E+00  0.00000000E+00  6.78369500E-02  0.
   193  9.30000007E-01  0.00000000E+00  0.00000000E+00  0.00000000E+00  6.93555438E-02  0.
   194  9.39999998E-01  0.00000000E+00  0.00000000E+00  0.00000000E+00  7.08903170E-02  0.
   195  9.49999988E-01  0.00000000E+00  0.00000000E+00  0.00000000E+00  7.24412518E-02  0.
   196  9.59999979E-01  0.00000000E+00  0.00000000E+00  0.00000000E+00  7.40083328E-02  0.
   197  9.70000029E-01  0.00000000E+00  0.00000000E+00  0.00000000E+00  7.55915631E-02  0.
   198  9.80000019E-01  0.00000000E+00  0.00000000E+00  0.00000000E+00  7.71908932E-02  0.
   199  9.90000010E-01  0.00000000E+00  0.00000000E+00  0.00000000E+00  7.88064124E-02  0.
