STEP   1 TIME  1.00000000E+00
     1 -9.90000010E-01  0.00000000E+00  0.00000000E+00  0.00000000E+00  8.09688691E-02  0.
     2 -9.80000019E-01  0.00000000E+00  0.00000000E+00  0.00000000E+00  7.93491540E-02  0.
     3 -9.70000029E-01  0.00000000E+00  0.00000000E+00  0.00000000E+00  7.77454628E-02  0.
     4 -9.59999979E-01  0.00000000E+00  0.00000000E+00  0.00000000E+00  7.61577922E-02  0.
     5 -9.49999988E-01  0.00000000E+00  0.00000000E+00  0.00000000E+00  7.45861754E-02  0.
     6 -9.39999998E-01  0.00000000E+00  0.00000000E+00  0.00000000E+00  7.30306167E-02  0.
     7 -9.30000007E-01  0.00000000E+00  0.00000000E+00  0.00000000E+00  7.14911445E-02  0.
     8 -9.20000017E-01  0.00000000E+00  0.00000000E+00  0.00000000E+00  6.99677653E-02  0.
     9 -9.10000026E-01  0.00000000E+00  0.00000000E+00  0.00000000E+00  6.84604901E-02  0.
    10 -8.99999976E-01  0.00000000E+00  0.00000000E+00  0.00000000E+00  6.69693124E-02  0.
    11 -8.89999986E-01  0.00000000E+00  0.00000000E+00  0.00000000E+00  6.54942650E-02  0.
    12 -8.79999995E-01  0.00000000E+00  0.00000000E+00  0.00000000E+00  6.40353467E-02  0.
    13 -8.70000005E-01  0.00000000E+00  0.00000000E+00  0.00000000E+00  6.25925747E-02  0.
    14 -8.60000014E-01  0.00000000E+00  0.00000000E+00  0.00000000E+00  6.11659749E-02  0.
    15 -8.50000024E-01  0.00000000E+00  0.00000000E+00  0.00000000E+00  5.97555020E-02  0.
    16 -8.39999974E-01  0.00000000E+00  0.00000000E+00  0.00000000E+00  5.83612846E-02  0.
    17 -8.29999983E-01  0.00000000E+00  0.00000000E+00  0.00000000E+00  5.69832360E-02  0.
    18 -8.19999993E-01  0.00000000E+00  0.00000000E+00  0.00000000E+00  5.56213857E-02  0.
    19 -8.10000002E-01  0.00000000E+00  0.00000000E+00  0.00000000E+00  5.42757460E-02  0.
    20 -8.00000012E-01  0.00000000E+00  0.00000000E+00  0.00000000E+00  5.29463329E-02  0.
    21 -7.90000021E-01  0.00000000E+00  0.00000000E+00  0.00000000E+00  5.16331529E-02  0.
    22 -7.79999971E-01  0.00000000E+00  0.00000000E+00  0.00000000E+00  5.03362136E-02  0.
    23 -7.69999981E-01  0.00000000E+00  0.00000000E+00  0.00000000E+00  4.90555401E-02  0.
    24 -7.59999990E-01  0.00000000E+00  0.00000000E+00  0.00000000E+00  4.77911409E-02  0.
    25 -7.50000000E-01  0.00000000E+00  0.00000000E+00  0.00000000E+00  4.65430226E-02  0.
    26 -7.40000010E-01  0.00000000E+00  0.00000000E+00  0.00000000E+00  4.53111920E-02  0.
    27 -7.30000019E-01  0.00000000E+00  0.00000000E+00  0.00000000E+00  4.40956682E-02  0.
    28 -7.20000029E-01  0.00000000E+00  0.00000000E+00  0.00000000E+00  4.28964529E-02  0.
    29 -7.09999979E-01  0.00000000E+00  0.00000000E+00  0.00000000E+00  4.17135491E-02  0.
    30 -6.99999988E-01  0.00000000E+00  0.00000000E+00  0.00000000E+00  4.05469791E-02  0.
    31 -6.89999998E-01  0.00000000E+00  0.00000000E+00  0.00000000E+00  3.93967482E-02  0.
    32 -6.80000007E-01  0.00000000E+00  0.00000000E+00  0.00000000E+00  3.82628641E-02  0.
    33 -6.70000017E-01  0.00000000E+00  0.00000000E+00  0.00000000E+00  3.71453385E-02  0.
    34 -6.60000026E-01  0.00000000E+00  0.00000000E+00  0.00000000E+00  3.60441764E-02  0.
    35 -6.49999976E-01  0.00000000E+00  0.00000000E+00  0.00000000E+00  3.49593857E-02  0.
    36 -6.39999986E-01  0.00000000E+00  0.00000000E+00  0.00000000E+00  3.38909877E-02  0.
    37 -6.29999995E-01  0.00000000E+00  0.00000000E+00  0.00000000E+00  3.28389822E-02  0.
    38 -6.20000005E-01  0.00000000E+00  0.00000000E+00  0.00000000E+00  3.18033779E-02  0.
    39 -6.10000014E-01  0.00000000E+00  0.00000000E+00  0.00000000E+00  3.07841925E-02  0.
    40 -6.00000024E-01  0.00000000E+00  0.00000000E+00  0.00000000E+00  2.97814316E-02  0.
    41 -5.89999974E-01  0.00000000E+00  0.00000000E+00  0.00000000E+00  2.87950853E-02  0.
    42 -5.79999983E-01  0.00000000E+00  0.00000000E+00  0.00000000E+00  2.78251836E-02  0.
    43 -5.69999993E-01  0.00000000E+00  0.00000000E+00  0.00000000E+00  2.68717311E-02  0.
    44 -5.60000002E-01  0.00000000E+00  0.00000000E+00  0.00000000E+00  2.59347333E-02  0.
    45 -5.50000012E-01  0.00000000E+00  0.00000000E+00  0.00000000E+00  2.50141926E-02  0.
    46 -5.40000021E-01  0.00000000E+00  0.00000000E+00  0.00000000E+00  2.41101264E-02  0.
    47 -5.29999971E-01  0.00000000E+00  0.00000000E+00  0.00000000E+00  2.32225296E-02  0.
    48 -5.19999981E-01  0.00000000E+00  0.00000000E+00  0.00000000E+00  2.23514258E-02  0.
    49 -5.09999990E-01  0.00000000E+00  0.00000000E+00  0.00000000E+00  2.14968133E-02  0.
    50 -5.00000000E-01  0.00000000E+00  0.00000000E+00  0.00000000E+00  2.06587016E-02  0.
    51 -4.90000010E-01  0.00000000E+00  0.00000000E+00  0.00000000E+00  1.98370966E-02  0.
    52 -4.79999989E-01  0.00000000E+00  0.00000000E+00  0.00000000E+00  1.90320050E-02  0.
    53 -4.69999999E-01  0.00000000E+00  0.00000000E+00  0.00000000E+00  1.82434360E-02  0.
    54 -4.60000008E-01  0.00000000E+00  0.00000000E+00  0.00000000E+00  1.74713963E-02  0.
    55 -4.49999988E-01  0.00000000E+00  0.00000000E+00  0.00000000E+00  1.67158914E-02  0.
    56 -4.39999998E-01  0.00000000E+00  0.00000000E+00  0.00000000E+00  1.59769302E-02  0.
    57 -4.30000007E-01  0.00000000E+00  0.00000000E+00  0.00000000E+00  1.52545198E-02  0.
    58 -4.19999987E-01  0.00000000E+00  0.00000000E+00  0.00000000E+00  1.45486635E-02  0.
    59 -4.09999996E-01  0.00000000E+00  0.00000000E+00  0.00000000E+00  1.38593719E-02  0.
    60 -4.00000006E-01  0.00000000E+00  0.00000000E+00  0.00000000E+00  1.31866497E-02  0.
    61 -3.89999986E-01  0.00000000E+00  0.00000000E+00  0.00000000E+00  1.25305026E-02  0.
    62 -3.79999995E-01  0.00000000E+00  0.00000000E+00  0.00000000E+00  1.18909385E-02  0.
    63 -3.70000005E-01  0.00000000E+00  0.00000000E+00  0.00000000E+00  1.12679645E-02  0.
    64 -3.60000014E-01  0.00000000E+00  0.00000000E+00  0.00000000E+00  1.06615856E-02  0.
    65 -3.49999994E-01  0.00000000E+00  0.00000000E+00  0.00000000E+00  1.00718062E-02  0.
    66 -3.40000004E-01  0.00000000E+00  0.00000000E+00  0.00000000E+00  9.49863639E-03  0.
    67 -3.30000013E-01  0.00000000E+00  0.00000000E+00  0.00000000E+00  8.94208047E-03  0.
    68 -3.19999993E-01  0.00000000E+00  0.00000000E+00  0.00000000E+00  8.40214298E-03  0.
    69 -3.10000002E-01  0.00000000E+00  0.00000000E+00  0.00000000E+00  7.87883450E-03  0.
    70 -3.00000012E-01  0.00000000E+00  0.00000000E+00  0.00000000E+00  7.37215956E-03  0.
    71 -2.89999992E-01  0.00000000E+00  0.00000000E+00  0.00000000E+00  6.88212289E-03  0.
    72 -2.80000001E-01  0.00000000E+00  0.00000000E+00  0.00000000E+00  6.40873377E-03  0.
    73 -2.70000011E-01  0.00000000E+00  0.00000000E+00  0.00000000E+00  5.95199810E-03  0.
    74 -2.59999990E-01  0.00000000E+00  0.00000000E+00  0.00000000E+00  5.51192217E-03  0.
    75 -2.50000000E-01  0.00000000E+00  0.00000000E+00  0.00000000E+00  5.08851384E-03  0.
    76 -2.39999995E-01  0.00000000E+00  0.00000000E+00  0.00000000E+00  4.68177954E-03  0.
    77 -2.30000004E-01  0.00000000E+00  0.00000000E+00  0.00000000E+00  4.29172608E-03  0.
    78 -2.19999999E-01  0.00000000E+00  0.00000000E+00  0.00000000E+00  3.91836639E-03  0.
    79 -2.09999993E-01  0.00000000E+00  0.00000000E+00  0.00000000E+00  3.56170315E-03  0.
    80 -2.00000003E-01  0.00000000E+00  0.00000000E+00  0.00000000E+00  3.22174792E-03  0.
    81 -1.89999998E-01  0.00000000E+00  0.00000000E+00  0.00000000E+00  2.89850963E-03  0.
    82 -1.80000007E-01  0.00000000E+00  0.00000000E+00  0.00000000E+00  2.59200090E-03  0.
    83 -1.70000002E-01  0.00000000E+00  0.00000000E+00  0.00000000E+00  2.30223288E-03  0.
    84 -1.59999996E-01  0.00000000E+00  0.00000000E+00  0.00000000E+00  2.02922059E-03  0.
    85 -1.50000006E-01  0.00000000E+00  0.00000000E+00  0.00000000E+00  1.77298070E-03  0.
    86 -1.40000001E-01  0.00000000E+00  0.00000000E+00  0.00000000E+00  1.53353184E-03  0.
    87 -1.29999995E-01  0.00000000E+00  0.00000000E+00  0.00000000E+00  1.31089752E-03  0.
    88 -1.19999997E-01  0.00000000E+00  0.00000000E+00  0.00000000E+00  1.10510598E-03  0.
    89 -1.09999999E-01  0.00000000E+00  0.00000000E+00  0.00000000E+00  9.16191936E-04  0.
    90 -1.00000001E-01  0.00000000E+00  0.00000000E+00  0.00000000E+00  7.44200317E-04  0.
    91 -9.00000036E-02  0.00000000E+00  0.00000000E+00  0.00000000E+00  5.89189441E-04  0.
    92 -7.99999982E-02  0.00000000E+00  0.00000000E+00  0.00000000E+00  4.51240169E-04  0.
    93 -7.00000003E-02  0.00000000E+00  0.00000000E+00  0.00000000E+00  3.30462810E-04  0.
    94 -5.99999987E-02  0.00000000E+00  0.00000000E+00  0.00000000E+00  2.27034004E-04  0.
    95 -5.00000007E-02  0.00000000E+00  0.00000000E+00  0.00000000E+00  1.41204741E-04  0.
    96 -3.99999991E-02  0.00000000E+00  0.00000000E+00  0.00000000E+00  7.35176958E-05  0.
    97 -2.99999993E-02  0.00000000E+00  0.00000000E+00  0.00000000E+00  2.47811748E-05  0.
    98 -1.99999996E-02  4.05923495E+01 -3.52695013E-02  0.00000000E+00 -2.02961747E-07  1.
    99 -9.99999978E-03  1.40959647E+02 -8.34598715E-01  0.00000000E+00 -7.04798233E-07  1.
   100  0.00000000E+00  1.73315448E+02 -3.07801668E-13  0.00000000E+00 -8.66577240E-07  1.
   101  9.99999978E-03  1.40959647E+02  8.34598715E-01  0.00000000E+00 -7.04798233E-07  1.
   102  1.99999996E-02  4.05923495E+01  3.52695013E-02  0.00000000E+00 -2.02961747E-07  1.
   103  2.99999993E-02  0.00000000E+00  0.00000000E+00  0.00000000E+00  2.47811748E-05  0.
   104  3.99999991E-02  0.00000000E+00  0.00000000E+00  0.00000000E+00  7.35176958E-05  0.
   105  5.00000007E-02  0.00000000E+00  0.00000000E+00  0.00000000E+00  1.41204741E-04  0.
   106  5.99999987E-02  0.00000000E+00  0.00000000E+00  0.00000000E+00  2.27034004E-04  0.
   107  7.00000003E-02  0.00000000E+00  0.00000000E+00  0.00000000E+00  3.30462810E-04  0.
   108  7.99999982E-02  0.00000000E+00  0.00000000E+00  0.00000000E+00  4.51240169E-04  0.
   109  9.00000036E-02  0.00000000E+00  0.00000000E+00  0.00000000E+00  5.89189441E-04  0.
   110  1.00000001E-01  0.00000000E+00  0.00000000E+00  0.00000000E+00  7.44200317E-04  0.
   111  1.09999999E-01  0.00000000E+00  0.00000000E+00  0.00000000E+00  9.16191936E-04  0.
   112  1.19999997E-01  0.00000000E+00  0.00000000E+00  0.00000000E+00  1.10510598E-03  0.
   113  1.29999995E-01  0.00000000E+00  0.00000000E+00  0.00000000E+00  1.31089752E-03  0.
   114  1.40000001E-01  0.00000000E+00  0.00000000E+00  0.00000000E+00  1.53353184E-03  0.
   115  1.50000006E-01  0.00000000E+00  0.00000000E+00  0.00000000E+00  1.77298070E-03  0.
   116  1.59999996E-01  0.00000000E+00  0.00000000E+00  0.00000000E+00  2.02922059E-03  0.
   117  1.70000002E-01  0.00000000E+00  0.00000000E+00  0.00000000E+00  2.30223288E-03  0.
   118  1.80000007E-01  0.00000000E+00  0.00000000E+00  0.00000000E+00  2.59200090E-03  0.
   119  1.89999998E-01  0.00000000E+00  0.00000000E+00  0.00000000E+00  2.89850963E-03  0.
   120  2.00000003E-01  0.00000000E+00  0.00000000E+00  0.00000000E+00  3.22174792E-03  0.
   121  2.09999993E-01  0.00000000E+00  0.00000000E+00  0.00000000E+00  3.56170315E-03  0.
   122  2.19999999E-01  0.00000000E+00  0.00000000E+00  0.00000000E+00  3.91836639E-03  0.
   123  2.30000004E-01  0.00000000E+00  0.00000000E+00  0.00000000E+00  4.29172608E-03  0.
   124  2.39999995E-01  0.00000000E+00  0.00000000E+00  0.00000000E+00  4.68177954E-03  0.
   125  2.50000000E-01  0.00000000E+00  0.00000000E+00  0.00000000E+00  5.08851384E-03  0.
   126  2.59999990E-01  0.00000000E+00  0.00000000E+00  0.00000000E+00  5.51192217E-03  0.
   127  2.70000011E-01  0.00000000E+00  0.00000000E+00  0.00000000E+00  5.95199810E-03  0.
   128  2.80000001E-01  0.00000000E+00  0.00000000E+00  0.00000000E+00  6.40873377E-03  0.
   129  2.89999992E-01  0.00000000E+00  0.00000000E+00  0.00000000E+00  6.88212289E-03  0.
   130  3.00000012E-01  0.00000000E+00  0.00000000E+00  0.00000000E+00  7.37215956E-03  0.
   131  3.10000002E-01  0.00000000E+00  0.00000000E+00  0.00000000E+00  7.87883450E-03  0.
   132  3.19999993E-01  0.00000000E+00  0.00000000E+00  0.00000000E+00  8.40214298E-03  0.
   133  3.30000013E-01  0.00000000E+00  0.00000000E+00  0.00000000E+00  8.94208047E-03  0.
   134  3.40000004E-01  0.00000000E+00  0.00000000E+00  0.00000000E+00  9.49863639E-03  0.
   135  3.49999994E-01  0.00000000E+00  0.00000000E+00  0.00000000E+00  1.00718062E-02  0.
   136  3.60000014E-01  0.00000000E+00  0.00000000E+00  0.00000000E+00  1.06615856E-02  0.
   137  3.70000005E-01  0.00000000E+00  0.00000000E+00  0.00000000E+00  1.12679645E-02  0.
   138  3.79999995E-01  0.00000000E+00  0.00000000E+00  0.00000000E+00  1.18909385E-02  0.
   139  3.89999986E-01  0.00000000E+00  0.00000000E+00  0.00000000E+00  1.25305026E-02  0.
   140  4.00000006E-01  0.00000000E+00  0.00000000E+00  0.00000000E+00  1.31866497E-02  0.
   141  4.09999996E-01  0.00000000E+00  0.00000000E+00  0.00000000E+00  1.38593719E-02  0.
   142  4.19999987E-01  0.00000000E+00  0.00000000E+00  0.00000000E+00  1.45486635E-02  0.
   143  4.30000007E-01  0.00000000E+00  0.00000000E+00  0.00000000E+00  1.52545198E-02  0.
   144  4.39999998E-01  0.00000000E+00  0.00000000E+00  0.00000000E+00  1.59769302E-02  0.
   145  4.49999988E-01  0.00000000E+00  0.00000000E+00  0.00000000E+00  1.67158914E-02  0.
   146  4.60000008E-01  0.00000000E+00  0.00000000E+00  0.00000000E+00  1.74713963E-02  0.
   147  4.69999999E-01  0.00000000E+00  0.00000000E+00  0.00000000E+00  1.82434360E-02  0.
   148  4.79999989E-01  0.00000000E+00  0.00000000E+00  0.00000000E+00  1.90320050E-02  0.
   149  4.90000010E-01  0.00000000E+00  0.00000000E+00  0.00000000E+00  1.98370966E-02  0.
   150  5.00000000E-01  0.00000000E+00  0.00000000E+00  0.00000000E+00  2.06587016E-02  0.
   151  5.09999990E-01  0.00000000E+00  0.00000000E+00  0.00000000E+00  2.14968133E-02  0.
   152  5.19999981E-01  0.00000000E+00  0.00000000E+00  0.00000000E+00  2.23514258E-02  0.
   153  5.29999971E-01  0.00000000E+00  0.00000000E+00  0.00000000E+00  2.32225296E-02  0.
   154  5.40000021E-01  0.00000000E+00  0.00000000E+00  0.00000000E+00  2.41101264E-02  0.
   155  5.50000012E-01  0.00000000E+00  0.00000000E+00  0.00000000E+00  2.50141926E-02  0.
   156  5.60000002E-01  0.00000000E+00  0.00000000E+00  0.00000000E+00  2.59347333E-02  0.
   157  5.69999993E-01  0.00000000E+00  0.00000000E+00  0.00000000E+00  2.68717311E-02  0.
   158  5.79999983E-01  0.00000000E+00  0.00000000E+00  0.00000000E+00  2.78251836E-02  0.
   159  5.89999974E-01  0.00000000E+00  0.00000000E+00  0.00000000E+00  2.87950853E-02  0.
   160  6.00000024E-01  0.00000000E+00  0.00000000E+00  0.00000000E+00  2.97814370E-02  0.
   161  6.10000014E-01  0.00000000E+00  0.00000000E+00  0.00000000E+00  3.07841790E-02  0.
   162  6.20000005E-01  0.00000000E+00  0.00000000E+00  0.00000000E+00  3.18033779E-02  0.
   163  6.29999995E-01  0.00000000E+00  0.00000000E+00  0.00000000E+00  3.28389822E-02  0.
   164  6.39999986E-01  0.00000000E+00  0.00000000E+00  0.00000000E+00  3.38909877E-02  0.
   165  6.49999976E-01  0.00000000E+00  0.00000000E+00  0.00000000E+00  3.49593857E-02  0.
   166  6.60000026E-01  0.00000000E+00  0.00000000E+00  0.00000000E+00  3.60441764E-02  0.
   167  6.70000017E-01  0.00000000E+00  0.00000000E+00  0.00000000E+00  3.71453385E-02  0.
   168  6.80000007E-01  0.00000000E+00  0.00000000E+00  0.00000000E+00  3.82628641E-02  0.
   169  6.89999998E-01  0.00000000E+00  0.00000000E+00  0.00000000E+00  3.93967482E-02  0.
   170  6.99999988E-01  0.00000000E+00  0.00000000E+00  0.00000000E+00  4.05469791E-02  0.
   171  7.09999979E-01  0.00000000E+00  0.00000000E+00  0.00000000E+00  4.17135491E-02  0.
   172  7.20000029E-01  0.00000000E+00  0.00000000E+00  0.00000000E+00  4.28964529E-02  0.
   173  7.30000019E-01  0.00000000E+00  0.00000000E+00  0.00000000E+00  4.40956682E-02  0.
   174  7.40000010E-01  0.00000000E+00  0.00000000E+00  0.00000000E+00  4.53111920E-02  0.
   175  7.50000000E-01  0.00000000E+00  0.00000000E+00  0.00000000E+00  4.65430226E-02  0.
   176  7.59999990E-01  0.00000000E+00  0.00000000E+00  0.00000000E+00  4.77911409E-02  0.
   177  7.69999981E-01  0.00000000E+00  0.00000000E+00  0.00000000E+00  4.90555401E-02  0.
   178  7.79999971E-01  0.00000000E+00  0.00000000E+00  0.00000000E+00  5.03362136E-02  0.
   179  7.90000021E-01  0.00000000E+00  0.00000000E+00  0.00000000E+00  5.16331529E-02  0.
   180  8.00000012E-01  0.00000000E+00  0.00000000E+00  0.00000000E+00  5.29463329E-02  0.
   181  8.10000002E-01  0.00000000E+00  0.00000000E+00  0.00000000E+00  5.42757460E-02  0.
   182  8.19999993E-01  0.00000000E+00  0.00000000E+00  0.00000000E+00  5.56213857E-02  0.
   183  8.29999983E-01  0.00000000E+00  0.00000000E+00  0.00000000E+00  5.69832360E-02  0.
   184  8.39999974E-01  0.00000000E+00  0.00000000E+00  0.00000000E+00  5.83612846E-02  0.
   185  8.50000024E-01  0.00000000E+00  0.00000000E+00  0.00000000E+00  5.97555199E-02  0.
   186  8.60000014E-01  0.00000000E+00  0.00000000E+00  0.00000000E+00  6.11659678E-02  0.
   187  8.70000005E-01  0.00000000E+00  0.00000000E+00  0.00000000E+00  6.25925747E-02  0.
   188  8.79999995E-01  0.00000000E+00  0.00000000E+00  0.00000000E+00  6.40353467E-02  0.
   189  8.89999986E-01  0.00000000E+00  0.00000000E+00  0.00000000E+00  6.54942650E-02  0.
   190  8.99999976E-01  0.00000000E+00  0.00000000E+00  0.00000000E+00  6.69693124E-02  0.
   191  9.10000026E-01  0.00000000E+00  0.00000000E+00  0.00000000E+00  6.84604901E-02  0.
   192  9.20000017E-01  0.00000000E+00  0.00000000E+00  0.00000000E+00  6.99677653E-02  0.
   193  9.30000007E-01  0.00000000E+00  0.00000000E+00  0.00000000E+00  7.14911445E-02  0.
   194  9.39999998E-01  0.00000000E+00  0.00000000E+00  0.00000000E+00  7.30306167E-02  0.
   195  9.49999988E-01  0.00000000E+00  0.00000000E+00  0.00000000E+00  7.45861754E-02  0.
   196  9.59999979E-01  0.00000000E+00  0.00000000E+00  0.00000000E+00  7.61577922E-02  0.
   197  9.70000029E-01  0.00000000E+00  0.00000000E+00  0.00000000E+00  7.77454628E-02  0.
   198  9.80000019E-01  0.00000000E+00  0.00000000E+00  0.00000000E+00  7.93491540E-02  0.
   199  9.90000010E-01  0.00000000E+00  0.00000000E+00  0.00000000E+00  8.09688691E-02  0.
STEP   2 TIME  2.00000000E+00
     1 -9.90000010E-01  0.00000000E+00  0.00000000E+00  0.00000000E+00  7.86854929E-02  0.
     2 -9.80000019E-01  0.00000000E+00  0.00000000E+00  0.00000000E+00  7.70715502E-02  0.
     3 -9.70000029E-01  0.00000000E+00  0.00000000E+00  0.00000000E+00  7.54737433E-02  0.
     4 -9.59999979E-01  0.00000000E+00  0.00000000E+00  0.00000000E+00  7.38920198E-02  0.
     5 -9.49999988E-01  0.00000000E+00  0.00000000E+00  0.00000000E+00  7.23264577E-02  0.
     6 -9.39999998E-01  0.00000000E+00  0.00000000E+00  0.00000000E+00  7.07770432E-02  0.
     7 -9.30000007E-01  0.00000000E+00  0.00000000E+00  0.00000000E+00  6.92438019E-02  0.
     8 -9.20000017E-01  0.00000000E+00  0.00000000E+00  0.00000000E+00  6.77267292E-02  0.
     9 -9.10000026E-01  0.00000000E+00  0.00000000E+00  0.00000000E+00  6.62258409E-02  0.
    10 -8.99999976E-01  0.00000000E+00  0.00000000E+00  0.00000000E+00  6.47411416E-02  0.
    11 -8.89999986E-01  0.00000000E+00  0.00000000E+00  0.00000000E+00  6.32726675E-02  0.
    12 -8.79999995E-01  0.00000000E+00  0.00000000E+00  0.00000000E+00  6.18204276E-02  0.
    13 -8.70000005E-01  0.00000000E+00  0.00000000E+00  0.00000000E+00  6.03844185E-02  0.
    14 -8.60000014E-01  0.00000000E+00  0.00000000E+00  0.00000000E+00  5.89647299E-02  0.
    15 -8.50000024E-01  0.00000000E+00  0.00000000E+00  0.00000000E+00  5.75612745E-02  0.
    16 -8.39999974E-01  0.00000000E+00  0.00000000E+00  0.00000000E+00  5.61740941E-02  0.
    17 -8.29999983E-01  0.00000000E+00  0.00000000E+00  0.00000000E+00  5.48032198E-02  0.
    18 -8.19999993E-01  0.00000000E+00  0.00000000E+00  0.00000000E+00  5.34486528E-02  0.
    19 -8.10000002E-01  0.00000000E+00  0.00000000E+00  0.00000000E+00  5.21104076E-02  0.
    20 -8.00000012E-01  0.00000000E+00  0.00000000E+00  0.00000000E+00  5.07885014E-02  0.
    21 -7.90000021E-01  0.00000000E+00  0.00000000E+00  0.00000000E+00  4.94829511E-02  0.
    22 -7.79999971E-01  0.00000000E+00  0.00000000E+00  0.00000000E+00  4.81937639E-02  0.
    23 -7.69999981E-01  0.00000000E+00  0.00000000E+00  0.00000000E+00  4.69209617E-02  0.
    24 -7.59999990E-01  0.00000000E+00  0.00000000E+00  0.00000000E+00  4.56645564E-02  0.
    25 -7.50000000E-01  0.00000000E+00  0.00000000E+00  0.00000000E+00  4.44245621E-02  0.
    26 -7.40000010E-01  0.00000000E+00  0.00000000E+00  0.00000000E+00  4.32009828E-02  0.
    27 -7.30000019E-01  0.00000000E+00  0.00000000E+00  0.00000000E+00  4.19938361E-02  0.
    28 -7.20000029E-01  0.00000000E+00  0.00000000E+00  0.00000000E+00  4.08031349E-02  0.
    29 -7.09999979E-01  0.00000000E+00  0.00000000E+00  0.00000000E+00  3.96288859E-02  0.
    30 -6.99999988E-01  0.00000000E+00  0.00000000E+00  0.00000000E+00  3.84711145E-02  0.
    31 -6.89999998E-01  0.00000000E+00  0.00000000E+00  0.00000000E+00  3.73298308E-02  0.
    32 -6.80000007E-01  0.00000000E+00  0.00000000E+00  0.00000000E+00  3.62050459E-02  0.
    33 -6.70000017E-01  0.00000000E+00  0.00000000E+00  0.00000000E+00  3.50967763E-02  0.
    34 -6.60000026E-01  0.00000000E+00  0.00000000E+00  0.00000000E+00  3.40050304E-02  0.
    35 -6.49999976E-01  0.00000000E+00  0.00000000E+00  0.00000000E+00  3.29298304E-02  0.
    36 -6.39999986E-01  0.00000000E+00  0.00000000E+00  0.00000000E+00  3.18712034E-02  0.
    37 -6.29999995E-01  0.00000000E+00  0.00000000E+00  0.00000000E+00  3.08291221E-02  0.
    38 -6.20000005E-01  0.00000000E+00  0.00000000E+00  0.00000000E+00  2.98036315E-02  0.
    39 -6.10000014E-01  0.00000000E+00  0.00000000E+00  0.00000000E+00  2.87947439E-02  0.
    40 -6.00000024E-01  0.00000000E+00  0.00000000E+00  0.00000000E+00  2.78024663E-02  0.
    41 -5.89999974E-01  0.00000000E+00  0.00000000E+00  0.00000000E+00  2.68268120E-02  0.
    42 -5.79999983E-01  0.00000000E+00  0.00000000E+00  0.00000000E+00  2.58678056E-02  0.
    43 -5.69999993E-01  0.00000000E+00  0.00000000E+00  0.00000000E+00  2.49254578E-02  0.
    44 -5.60000002E-01  0.00000000E+00  0.00000000E+00  0.00000000E+00  2.39997833E-02  0.
    45 -5.50000012E-01  0.00000000E+00  0.00000000E+00  0.00000000E+00  2.30907937E-02  0.
    46 -5.40000021E-01  0.00000000E+00  0.00000000E+00  0.00000000E+00  2.21985122E-02  0.
    47 -5.29999971E-01  0.00000000E+00  0.00000000E+00  0.00000000E+00  2.13229425E-02  0.
    48 -5.19999981E-01  0.00000000E+00  0.00000000E+00  0.00000000E+00  2.04641177E-02  0.
    49 -5.09999990E-01  0.00000000E+00  0.00000000E+00  0.00000000E+00  1.96220467E-02  0.
    50 -5.00000000E-01  0.00000000E+00  0.00000000E+00  0.00000000E+00  1.87967487E-02  0.
    51 -4.90000010E-01  0.00000000E+00  0.00000000E+00  0.00000000E+00  1.79882408E-02  0.
    52 -4.79999989E-01  0.00000000E+00  0.00000000E+00  0.00000000E+00  1.71965408E-02  0.
    53 -4.69999999E-01  0.00000000E+00  0.00000000E+00  0.00000000E+00  1.64216708E-02  0.
    54 -4.60000008E-01  0.00000000E+00  0.00000000E+00  0.00000000E+00  1.56636503E-02  0.
    55 -4.49999988E-01  0.00000000E+00  0.00000000E+00  0.00000000E+00  1.49224987E-02  0.
    56 -4.39999998E-01  0.00000000E+00  0.00000000E+00  0.00000000E+00  1.41982402E-02  0.
    57 -4.30000007E-01  0.00000000E+00  0.00000000E+00  0.00000000E+00  1.34908977E-02  0.
    58 -4.19999987E-01  0.00000000E+00  0.00000000E+00  0.00000000E+00  1.28004921E-02  0.
    59 -4.09999996E-01  0.00000000E+00  0.00000000E+00  0.00000000E+00  1.21270525E-02  0.
    60 -4.00000006E-01  0.00000000E+00  0.00000000E+00  0.00000000E+00  1.14706038E-02  0.
    61 -3.89999986E-01  0.00000000E+00  0.00000000E+00  0.00000000E+00  1.08311732E-02  0.
    62 -3.79999995E-01  0.00000000E+00  0.00000000E+00  0.00000000E+00  1.02087922E-02  0.
    63 -3.70000005E-01  0.00000000E+00  0.00000000E+00  0.00000000E+00  9.60349342E-03  0.
    64 -3.60000014E-01  0.00000000E+00  0.00000000E+00  0.00000000E+00  9.01530939E-03  0.
    65 -3.49999994E-01  0.00000000E+00  0.00000000E+00  0.00000000E+00  8.44427509E-03  0.
    66 -3.40000004E-01  0.00000000E+00  0.00000000E+00  0.00000000E+00  7.89043338E-03  0.
    67 -3.30000013E-01  0.00000000E+00  0.00000000E+00  0.00000000E+00  7.35382495E-03  0.
    68 -3.19999993E-01  0.00000000E+00  0.00000000E+00  0.00000000E+00  6.83449471E-03  0.
    69 -3.10000002E-01  0.00000000E+00  0.00000000E+00  0.00000000E+00  6.33249624E-03  0.
    70 -3.00000012E-01  0.00000000E+00  0.00000000E+00  0.00000000E+00  5.84788214E-03  0.
    71 -2.89999992E-01  0.00000000E+00  0.00000000E+00  0.00000000E+00  5.38071162E-03  0.
    72 -2.80000001E-01  0.00000000E+00  0.00000000E+00  0.00000000E+00  4.93105819E-03  0.
    73 -2.70000011E-01  0.00000000E+00  0.00000000E+00  0.00000000E+00  4.49899291E-03  0.
    74 -2.59999990E-01  0.00000000E+00  0.00000000E+00  0.00000000E+00  4.08459798E-03  0.
    75 -2.50000000E-01  0.00000000E+00  0.00000000E+00  0.00000000E+00  3.68797091E-03  0.
    76 -2.39999995E-01  0.00000000E+00  0.00000000E+00  0.00000000E+00  3.30921845E-03  0.
    77 -2.30000004E-01  0.00000000E+00  0.00000000E+00  0.00000000E+00  2.94846096E-03  0.
    78 -2.19999999E-01  0.00000000E+00  0.00000000E+00  0.00000000E+00  2.60583605E-03  0.
    79 -2.09999993E-01  0.00000000E+00  0.00000000E+00  0.00000000E+00  2.28152032E-03  0.
    80 -2.00000003E-01  0.00000000E+00  0.00000000E+00  0.00000000E+00  1.97569370E-03  0.
    81 -1.89999998E-01  0.00000000E+00  0.00000000E+00  0.00000000E+00  1.68858857E-03  0.
    82 -1.80000007E-01  0.00000000E+00  0.00000000E+00  0.00000000E+00  1.42048075E-03  0.
    83 -1.70000002E-01  0.00000000E+00  0.00000000E+00  0.00000000E+00  1.17171361E-03  0.
    84 -1.59999996E-01  0.00000000E+00  0.00000000E+00  0.00000000E+00  9.42701108E-04  0.
    85 -1.50000006E-01  0.00000000E+00  0.00000000E+00  0.00000000E+00  7.34016899E-04  0.
    86 -1.40000001E-01  0.00000000E+00  0.00000000E+00  0.00000000E+00  5.46317132E-04  0.
    87 -1.29999995E-01  0.00000000E+00  0.00000000E+00  0.00000000E+00  3.80758297E-04  0.
    88 -1.19999997E-01  0.00000000E+00  0.00000000E+00  0.00000000E+00  2.38423545E-04  0.
    89 -1.09999999E-01  0.00000000E+00  0.00000000E+00  0.00000000E+00  1.22611632E-04  0.
    90 -1.00000001E-01  0.00000000E+00  0.00000000E+00  0.00000000E+00  3.51751165E-05  0.
    91 -9.00000036E-02  1.54995554E+02  1.99131689E-01  0.00000000E+00 -7.74977768E-07  1.
    92 -7.99999982E-02  3.90866565E+02  1.28461468E+00  0.00000000E+00 -1.95433282E-06  1.
    93 -7.00000003E-02  5.33781420E+02  2.90838128E+00  0.00000000E+00 -2.66890710E-06  1.
    94 -5.99999987E-02  6.27003843E+02  3.00001707E+00  0.00000000E+00 -3.13501921E-06  1.
    95 -5.00000007E-02  6.97127539E+02  1.47500562E+00  0.00000000E+00 -3.48563769E-06  1.
    96 -3.99999991E-02  7.49228568E+02  1.61687197E+00  0.00000000E+00 -3.74614284E-06  1.
    97 -2.99999993E-02  7.87455388E+02  1.29083294E+00  0.00000000E+00 -3.93727694E-06  1.
    98 -1.99999996E-02  8.13618941E+02  1.29504352E+00  0.00000000E+00 -4.06809471E-06  1.
    99 -9.99999978E-03  8.28925670E+02  3.19996781E-01  0.00000000E+00 -4.14462835E-06  1.
   100  0.00000000E+00  8.33971057E+02  1.28865670E-12  0.00000000E+00 -4.16985528E-06  1.
   101  9.99999978E-03  8.28925670E+02 -3.19996781E-01  0.00000000E+00 -4.14462835E-06  1.
   102  1.99999996E-02  8.13618941E+02 -1.29504352E+00  0.00000000E+00 -4.06809471E-06  1.
   103  2.99999993E-02  7.87455388E+02 -1.29083294E+00  0.00000000E+00 -3.93727694E-06  1.
   104  3.99999991E-02  7.49228568E+02 -1.61687197E+00  0.00000000E+00 -3.74614284E-06  1.
   105  5.00000007E-02  6.97127539E+02 -1.47500562E+00  0.00000000E+00 -3.48563769E-06  1.
   106  5.99999987E-02  6.27003843E+02 -3.00001707E+00  0.00000000E+00 -3.13501921E-06  1.
   107  7.00000003E-02  5.33781420E+02 -2.90838128E+00  0.00000000E+00 -2.66890710E-06  1.
   108  7.99999982E-02  3.90866565E+02 -1.28461468E+00  0.00000000E+00 -1.95433282E-06  1.
   109  9.00000036E-02  1.54995554E+02 -1.99131689E-01  0.00000000E+00 -7.74977768E-07  1.
   110  1.00000001E-01  0.00000000E+00  0.00000000E+00  0.00000000E+00  3.51751165E-05  0.
   111  1.09999999E-01  0.00000000E+00  0.00000000E+00  0.00000000E+00  1.22611632E-04  0.
   112  1.19999997E-01  0.00000000E+00  0.00000000E+00  0.00000000E+00  2.38423545E-04  0.
   113  1.29999995E-01  0.00000000E+00  0.00000000E+00  0.00000000E+00  3.80758297E-04  0.
   114  1.40000001E-01  0.00000000E+00  0.00000000E+00  0.00000000E+00  5.46317132E-04  0.
   115  1.50000006E-01  0.00000000E+00  0.00000000E+00  0.00000000E+00  7.34016899E-04  0.
   116  1.59999996E-01  0.00000000E+00  0.00000000E+00  0.00000000E+00  9.42701108E-04  0.
   117  1.70000002E-01  0.00000000E+00  0.00000000E+00  0.00000000E+00  1.17171361E-03  0.
   118  1.80000007E-01  0.00000000E+00  0.00000000E+00  0.00000000E+00  1.42048075E-03  0.
   119  1.89999998E-01  0.00000000E+00  0.00000000E+00  0.00000000E+00  1.68858857E-03  0.
   120  2.00000003E-01  0.00000000E+00  0.00000000E+00  0.00000000E+00  1.97569370E-03  0.
   121  2.09999993E-01  0.00000000E+00  0.00000000E+00  0.00000000E+00  2.28152032E-03  0.
   122  2.19999999E-01  0.00000000E+00  0.00000000E+00  0.00000000E+00  2.60583605E-03  0.
   123  2.30000004E-01  0.00000000E+00  0.00000000E+00  0.00000000E+00  2.94846096E-03  0.
   124  2.39999995E-01  0.00000000E+00  0.00000000E+00  0.00000000E+00  3.30921845E-03  0.
   125  2.50000000E-01  0.00000000E+00  0.00000000E+00  0.00000000E+00  3.68797091E-03  0.
   126  2.59999990E-01  0.00000000E+00  0.00000000E+00  0.00000000E+00  4.08459798E-03  0.
   127  2.70000011E-01  0.00000000E+00  0.00000000E+00  0.00000000E+00  4.49899291E-03  0.
   128  2.80000001E-01  0.00000000E+00  0.00000000E+00  0.00000000E+00  4.93105819E-03  0.
   129  2.89999992E-01  0.00000000E+00  0.00000000E+00  0.00000000E+00  5.38071162E-03  0.
   130  3.00000012E-01  0.00000000E+00  0.00000000E+00  0.00000000E+00  5.84788214E-03  0.
   131  3.10000002E-01  0.00000000E+00  0.00000000E+00  0.00000000E+00  6.33249624E-03  0.
   132  3.19999993E-01  0.00000000E+00  0.00000000E+00  0.00000000E+00  6.83449471E-03  0.
   133  3.30000013E-01  0.00000000E+00  0.00000000E+00  0.00000000E+00  7.35382495E-03  0.
   134  3.40000004E-01  0.00000000E+00  0.00000000E+00  0.00000000E+00  7.89043338E-03  0.
   135  3.49999994E-01  0.00000000E+00  0.00000000E+00  0.00000000E+00  8.44427509E-03  0.
   136  3.60000014E-01  0.00000000E+00  0.00000000E+00  0.00000000E+00  9.01530939E-03  0.
   137  3.70000005E-01  0.00000000E+00  0.00000000E+00  0.00000000E+00  9.60349342E-03  0.
   138  3.79999995E-01  0.00000000E+00  0.00000000E+00  0.00000000E+00  1.02087922E-02  0.
   139  3.89999986E-01  0.00000000E+00  0.00000000E+00  0.00000000E+00  1.08311732E-02  0.
   140  4.00000006E-01  0.00000000E+00  0.00000000E+00  0.00000000E+00  1.14706038E-02  0.
   141  4.09999996E-01  0.00000000E+00  0.00000000E+00  0.00000000E+00  1.21270525E-02  0.
   142  4.19999987E-01  0.00000000E+00  0.00000000E+00  0.00000000E+00  1.28004921E-02  0.
   143  4.30000007E-01  0.00000000E+00  0.00000000E+00  0.00000000E+00  1.34908977E-02  0.
   144  4.39999998E-01  0.00000000E+00  0.00000000E+00  0.00000000E+00  1.41982402E-02  0.
   145  4.49999988E-01  0.00000000E+00  0.00000000E+00  0.00000000E+00  1.49224987E-02  0.
   146  4.60000008E-01  0.00000000E+00  0.00000000E+00  0.00000000E+00  1.56636503E-02  0.
   147  4.69999999E-01  0.00000000E+00  0.00000000E+00  0.00000000E+00  1.64216708E-02  0.
   148  4.79999989E-01  0.00000000E+00  0.00000000E+00  0.00000000E+00  1.71965408E-02  0.
   149  4.90000010E-01  0.00000000E+00  0.00000000E+00  0.00000000E+00  1.79882408E-02  0.
   150  5.00000000E-01  0.00000000E+00  0.00000000E+00  0.00000000E+00  1.87967487E-02  0.
   151  5.09999990E-01  0.00000000E+00  0.00000000E+00  0.00000000E+00  1.96220467E-02  0.
   152  5.19999981E-01  0.00000000E+00  0.00000000E+00  0.00000000E+00  2.04641177E-02  0.
   153  5.29999971E-01  0.00000000E+00  0.00000000E+00  0.00000000E+00  2.13229425E-02  0.
   154  5.40000021E-01  0.00000000E+00  0.00000000E+00  0.00000000E+00  2.21985122E-02  0.
   155  5.50000012E-01  0.00000000E+00  0.00000000E+00  0.00000000E+00  2.30907937E-02  0.
   156  5.60000002E-01  0.00000000E+00  0.00000000E+00  0.00000000E+00  2.39997833E-02  0.
   157  5.69999993E-01  0.00000000E+00  0.00000000E+00  0.00000000E+00  2.49254578E-02  0.
   158  5.79999983E-01  0.00000000E+00  0.00000000E+00  0.00000000E+00  2.58678056E-02  0.
   159  5.89999974E-01  0.00000000E+00  0.00000000E+00  0.00000000E+00  2.68268120E-02  0.
   160  6.00000024E-01  0.00000000E+00  0.00000000E+00  0.00000000E+00  2.78024663E-02  0.
   161  6.10000014E-01  0.00000000E+00  0.00000000E+00  0.00000000E+00  2.87947439E-02  0.
   162  6.20000005E-01  0.00000000E+00  0.00000000E+00  0.00000000E+00  2.98036315E-02  0.
   163  6.29999995E-01  0.00000000E+00  0.00000000E+00  0.00000000E+00  3.08291221E-02  0.
   164  6.39999986E-01  0.00000000E+00  0.00000000E+00  0.00000000E+00  3.18712081E-02  0.
   165  6.49999976E-01  0.00000000E+00  0.00000000E+00  0.00000000E+00  3.29298185E-02  0.
   166  6.60000026E-01  0.00000000E+00  0.00000000E+00  0.00000000E+00  3.40050304E-02  0.
   167  6.70000017E-01  0.00000000E+00  0.00000000E+00  0.00000000E+00  3.50967763E-02  0.
   168  6.80000007E-01  0.00000000E+00  0.00000000E+00  0.00000000E+00  3.62050459E-02  0.
   169  6.89999998E-01  0.00000000E+00  0.00000000E+00  0.00000000E+00  3.73298308E-02  0.
   170  6.99999988E-01  0.00000000E+00  0.00000000E+00  0.00000000E+00  3.84711145E-02  0.
   171  7.09999979E-01  0.00000000E+00  0.00000000E+00  0.00000000E+00  3.96288859E-02  0.
   172  7.20000029E-01  0.00000000E+00  0.00000000E+00  0.00000000E+00  4.08031349E-02  0.
   173  7.30000019E-01  0.00000000E+00  0.00000000E+00  0.00000000E+00  4.19938361E-02  0.
   174  7.40000010E-01  0.00000000E+00  0.00000000E+00  0.00000000E+00  4.32009828E-02  0.
   175  7.50000000E-01  0.00000000E+00  0.00000000E+00  0.00000000E+00  4.44245621E-02  0.
   176  7.59999990E-01  0.00000000E+00  0.00000000E+00  0.00000000E+00  4.56645564E-02  0.
   177  7.69999981E-01  0.00000000E+00  0.00000000E+00  0.00000000E+00  4.69209617E-02  0.
   178  7.79999971E-01  0.00000000E+00  0.00000000E+00  0.00000000E+00  4.81937639E-02  0.
   179  7.90000021E-01  0.00000000E+00  0.00000000E+00  0.00000000E+00  4.94829511E-02  0.
   180  8.00000012E-01  0.00000000E+00  0.00000000E+00  0.00000000E+00  5.07885014E-02  0.
   181  8.10000002E-01  0.00000000E+00  0.00000000E+00  0.00000000E+00  5.21104076E-02  0.
   182  8.19999993E-01  0.00000000E+00  0.00000000E+00  0.00000000E+00  5.34486528E-02  0.
   183  8.29999983E-01  0.00000000E+00  0.00000000E+00  0.00000000E+00  5.48032198E-02  0.
   184  8.39999974E-01  0.00000000E+00  0.00000000E+00  0.00000000E+00  5.61740941E-02  0.
   185  8.50000024E-01  0.00000000E+00  0.00000000E+00  0.00000000E+00  5.75612745E-02  0.
   186  8.60000014E-01  0.00000000E+00  0.00000000E+00  0.00000000E+00  5.89647299E-02  0.
   187  8.70000005E-01  0.00000000E+00  0.00000000E+00  0.00000000E+00  6.03844180E-02  0.
   188  8.79999995E-01  0.00000000E+00  0.00000000E+00  0.00000000E+00  6.18204278E-02  0.
   189  8.89999986E-01  0.00000000E+00  0.00000000E+00  0.00000000E+00  6.32726675E-02  0.
   190  8.99999976E-01  0.00000000E+00  0.00000000E+00  0.00000000E+00  6.47411416E-02  0.
   191  9.10000026E-01  0.00000000E+00  0.00000000E+00  0.00000000E+00  6.62258409E-02  0.
   192  9.20000017E-01  0.00000000E+00  0.00000000E+00  0.00000000E+00  6.77267292E-02  0.
   193  9.30000007E-01  0.00000000E+00  0.00000000E+00  0.00000000E+00  6.92438019E-02  0.
   194  9.39999998E-01  0.00000000E+00  0.00000000E+00  0.00000000E+00  7.07770432E-02  0.
   195  9.49999988E-01  0.00000000E+00  0.00000000E+00  0.00000000E+00  7.23264577E-02  0.
   196  9.59999979E-01  0.00000000E+00  0.00000000E+00  0.00000000E+00  7.38920198E-02  0.
   197  9.70000029E-01  0.00000000E+00  0.00000000E+00  0.00000000E+00  7.54737433E-02  0.
   198  9.80000019E-01  0.00000000E+00  0.00000000E+00  0.00000000E+00  7.70715502E-02  0.
   199  9.90000010E-01  0.00000000E+00  0.00000000E+00  0.00000000E+00  7.86854929E-02  0.
STEP   3 TIME  3.00000000E+00
     1 -9.90000010E-01  0.00000000E+00  0.00000000E+00  0.00000000E+00  7.88064747E-02  0.
     2 -9.80000019E-01  0.00000000E+00  0.00000000E+00  0.00000000E+00  7.71909356E-02  0.
     3 -9.70000029E-01  0.00000000E+00  0.00000000E+00  0.00000000E+00  7.55916332E-02  0.
     4 -9.59999979E-01  0.00000000E+00  0.00000000E+00  0.00000000E+00  7.40083869E-02  0.
     5 -9.49999988E-01  0.00000000E+00  0.00000000E+00  0.00000000E+00  7.24413113E-02  0.
     6 -9.39999998E-01  0.00000000E+00  0.00000000E+00  0.00000000E+00  7.08903709E-02  0.
     7 -9.30000007E-01  0.00000000E+00  0.00000000E+00  0.00000000E+00  6.93555967E-02  0.
     8 -9.20000017E-01  0.00000000E+00  0.00000000E+00  0.00000000E+00  6.78369997E-02  0.
     9 -9.10000026E-01  0.00000000E+00  0.00000000E+00  0.00000000E+00  6.63345786E-02  0.
    10 -8.99999976E-01  0.00000000E+00  0.00000000E+00  0.00000000E+00  6.48484352E-02  0.
    11 -8.89999986E-01  0.00000000E+00  0.00000000E+00  0.00000000E+00  6.33784747E-02  0.
    12 -8.79999995E-01  0.00000000E+00  0.00000000E+00  0.00000000E+00  6.19247395E-02  0.
    13 -8.70000005E-01  0.00000000E+00  0.00000000E+00  0.00000000E+00  6.04872503E-02  0.
    14 -8.60000014E-01  0.00000000E+00  0.00000000E+00  0.00000000E+00  5.90660164E-02  0.
    15 -8.50000024E-01  0.00000000E+00  0.00000000E+00  0.00000000E+00  5.76610545E-02  0.
    16 -8.39999974E-01  0.00000000E+00  0.00000000E+00  0.00000000E+00  5.62723754E-02  0.
    17 -8.29999983E-01  0.00000000E+00  0.00000000E+00  0.00000000E+00  5.49000132E-02  0.
    18 -8.19999993E-01  0.00000000E+00  0.00000000E+00  0.00000000E+00  5.35439618E-02  0.
    19 -8.10000002E-01  0.00000000E+00  0.00000000E+00  0.00000000E+00  5.22042460E-02  0.
    20 -8.00000012E-01  0.00000000E+00  0.00000000E+00  0.00000000E+00  5.08808744E-02  0.
    21 -7.90000021E-01  0.00000000E+00  0.00000000E+00  0.00000000E+00  4.95738545E-02  0.
    22 -7.79999971E-01  0.00000000E+00  0.00000000E+00  0.00000000E+00  4.82831970E-02  0.
    23 -7.69999981E-01  0.00000000E+00  0.00000000E+00  0.00000000E+00  4.70089248E-02  0.
    24 -7.59999990E-01  0.00000000E+00  0.00000000E+00  0.00000000E+00  4.57510469E-02  0.
    25 -7.50000000E-01  0.00000000E+00  0.00000000E+00  0.00000000E+00  4.45095824E-02  0.
    26 -7.40000010E-01  0.00000000E+00  0.00000000E+00  0.00000000E+00  4.32845329E-02  0.
    27 -7.30000019E-01  0.00000000E+00  0.00000000E+00  0.00000000E+00  4.20759455E-02  0.
    28 -7.20000029E-01  0.00000000E+00  0.00000000E+00  0.00000000E+00  4.08838041E-02  0.
    29 -7.09999979E-01  0.00000000E+00  0.00000000E+00  0.00000000E+00  3.97080964E-02  0.
    30 -6.99999988E-01  0.00000000E+00  0.00000000E+00  0.00000000E+00  3.85488816E-02  0.
    31 -6.89999998E-01  0.00000000E+00  0.00000000E+00  0.00000000E+00  3.74061577E-02  0.
    32 -6.80000007E-01  0.00000000E+00  0.00000000E+00  0.00000000E+00  3.62799426E-02  0.
    33 -6.70000017E-01  0.00000000E+00  0.00000000E+00  0.00000000E+00  3.51702459E-02  0.
    34 -6.60000026E-01  0.00000000E+00  0.00000000E+00  0.00000000E+00  3.40770775E-02  0.
    35 -6.49999976E-01  0.00000000E+00  0.00000000E+00  0.00000000E+00  3.30004495E-02  0.
    36 -6.39999986E-01  0.00000000E+00  0.00000000E+00  0.00000000E+00  3.19403879E-02  0.
    37 -6.29999995E-01  0.00000000E+00  0.00000000E+00  0.00000000E+00  3.08968985E-02  0.
    38 -6.20000005E-01  0.00000000E+00  0.00000000E+00  0.00000000E+00  2.98699961E-02  0.
    39 -6.10000014E-01  0.00000000E+00  0.00000000E+00  0.00000000E+00  2.88596973E-02  0.
    40 -6.00000024E-01  0.00000000E+00  0.00000000E+00  0.00000000E+00  2.78660145E-02  0.
    41 -5.89999974E-01  0.00000000E+00  0.00000000E+00  0.00000000E+00  2.68889586E-02  0.
    42 -5.79999983E-01  0.00000000E+00  0.00000000E+00  0.00000000E+00  2.59285541E-02  0.
    43 -5.69999993E-01  0.00000000E+00  0.00000000E+00  0.00000000E+00  2.49848125E-02  0.
    44 -5.60000002E-01  0.00000000E+00  0.00000000E+00  0.00000000E+00  2.40577488E-02  0.
    45 -5.50000012E-01  0.00000000E+00  0.00000000E+00  0.00000000E+00  2.31473773E-02  0.
    46 -5.40000021E-01  0.00000000E+00  0.00000000E+00  0.00000000E+00  2.22537169E-02  0.
    47 -5.29999971E-01  0.00000000E+00  0.00000000E+00  0.00000000E+00  2.13767762E-02  0.
    48 -5.19999981E-01  0.00000000E+00  0.00000000E+00  0.00000000E+00  2.05165847E-02  0.
    49 -5.09999990E-01  0.00000000E+00  0.00000000E+00  0.00000000E+00  1.96731532E-02  0.
    50 -5.00000000E-01  0.00000000E+00  0.00000000E+00  0.00000000E+00  1.88465003E-02  0.
    51 -4.90000010E-01  0.00000000E+00  0.00000000E+00  0.00000000E+00  1.80366438E-02  0.
    52 -4.79999989E-01  0.00000000E+00  0.00000000E+00  0.00000000E+00  1.72436008E-02  0.
    53 -4.69999999E-01  0.00000000E+00  0.00000000E+00  0.00000000E+00  1.64673951E-02  0.
    54 -4.60000008E-01  0.00000000E+00  0.00000000E+00  0.00000000E+00  1.57080450E-02  0.
    55 -4.49999988E-01  0.00000000E+00  0.00000000E+00  0.00000000E+00  1.49655699E-02  0.
    56 -4.39999998E-01  0.00000000E+00  0.00000000E+00  0.00000000E+00  1.42399954E-02  0.
    57 -4.30000007E-01  0.00000000E+00  0.00000000E+00  0.00000000E+00  1.35313432E-02  0.
    58 -4.19999987E-01  0.00000000E+00  0.00000000E+00  0.00000000E+00  1.28396350E-02  0.
    59 -4.09999996E-01  0.00000000E+00  0.00000000E+00  0.00000000E+00  1.21649004E-02  0.
    60 -4.00000006E-01  0.00000000E+00  0.00000000E+00  0.00000000E+00  1.15071640E-02  0.
    61 -3.89999986E-01  0.00000000E+00  0.00000000E+00  0.00000000E+00  1.08664529E-02  0.
    62 -3.79999995E-01  0.00000000E+00  0.00000000E+00  0.00000000E+00  1.02427999E-02  0.
    63 -3.70000005E-01  0.00000000E+00  0.00000000E+00  0.00000000E+00  9.63623640E-03  0.
    64 -3.60000014E-01  0.00000000E+00  0.00000000E+00  0.00000000E+00  9.04679591E-03  0.
    65 -3.49999994E-01  0.00000000E+00  0.00000000E+00  0.00000000E+00  8.47451362E-03  0.
    66 -3.40000004E-01  0.00000000E+00  0.00000000E+00  0.00000000E+00  7.91943250E-03  0.
    67 -3.30000013E-01  0.00000000E+00  0.00000000E+00  0.00000000E+00  7.38159349E-03  0.
    68 -3.19999993E-01  0.00000000E+00  0.00000000E+00  0.00000000E+00  6.86104165E-03  0.
    69 -3.10000002E-01  0.00000000E+00  0.00000000E+00  0.00000000E+00  6.35783070E-03  0.
    70 -3.00000012E-01  0.00000000E+00  0.00000000E+00  0.00000000E+00  5.87201397E-03  0.
    71 -2.89999992E-01  0.00000000E+00  0.00000000E+00  0.00000000E+00  5.40365154E-03  0.
    72 -2.80000001E-01  0.00000000E+00  0.00000000E+00  0.00000000E+00  4.95281359E-03  0.
    73 -2.70000011E-01  0.00000000E+00  0.00000000E+00  0.00000000E+00  4.51957362E-03  0.
    74 -2.59999990E-01  0.00000000E+00  0.00000000E+00  0.00000000E+00  4.10401442E-03  0.
    75 -2.50000000E-01  0.00000000E+00  0.00000000E+00  0.00000000E+00  3.70623240E-03  0.
    76 -2.39999995E-01  0.00000000E+00  0.00000000E+00  0.00000000E+00  3.32633390E-03  0.
    77 -2.30000004E-01  0.00000000E+00  0.00000000E+00  0.00000000E+00  2.96444156E-03  0.
    78 -2.19999999E-01  0.00000000E+00  0.00000000E+00  0.00000000E+00  2.62069560E-03  0.
    79 -2.09999993E-01  0.00000000E+00  0.00000000E+00  0.00000000E+00  2.29525903E-03  0.
    80 -2.00000003E-01  0.00000000E+00  0.00000000E+00  0.00000000E+00  1.98833012E-03  0.
    81 -1.89999998E-01  0.00000000E+00  0.00000000E+00  0.00000000E+00  1.70013559E-03  0.
    82 -1.80000007E-01  0.00000000E+00  0.00000000E+00  0.00000000E+00  1.43095276E-03  0.
    83 -1.70000002E-01  0.00000000E+00  0.00000000E+00  0.00000000E+00  1.18112308E-03  0.
    84 -1.59999996E-01  0.00000000E+00  0.00000000E+00  0.00000000E+00  9.51040575E-04  0.
    85 -1.50000006E-01  0.00000000E+00  0.00000000E+00  0.00000000E+00  7.41332405E-04  0.
    86 -1.40000001E-01  0.00000000E+00  0.00000000E+00  0.00000000E+00  5.52612283E-04  0.
    87 -1.29999995E-01  0.00000000E+00  0.00000000E+00  0.00000000E+00  3.86021369E-04  0.
    88 -1.19999997E-01  0.00000000E+00  0.00000000E+00  0.00000000E+00  2.42682903E-04  0.
    89 -1.09999999E-01  0.00000000E+00  0.00000000E+00  0.00000000E+00  1.25806288E-04  0.
    90 -1.00000001E-01  0.00000000E+00  0.00000000E+00  0.00000000E+00  3.72410979E-05  0.
    91 -9.00000036E-02  1.49344382E+02  8.96066293E+01  1.01792458E-04 -7.46721911E-07  2.
    92 -7.99999982E-02  3.88902149E+02  2.33341290E+02  4.75116453E-05 -1.94451075E-06  2.
    93 -7.00000003E-02  5.31772507E+02  3.19063504E+02  8.89951321E-06 -2.65886254E-06  2.
    94 -5.99999987E-02  6.24350595E+02  2.57553131E+02  0.00000000E+00 -3.12175297E-06  1.
    95 -5.00000007E-02  6.95648083E+02  1.99343591E+02  0.00000000E+00 -3.47824041E-06  1.
    96 -3.99999991E-02  7.48439059E+02  1.75024312E+02  0.00000000E+00 -3.74219530E-06  1.
    97 -2.99999993E-02  7.86840882E+02  1.61506543E+02  0.00000000E+00 -3.93420441E-06  1.
    98 -1.99999996E-02  8.13209875E+02  1.53844016E+02  0.00000000E+00 -4.06604937E-06  1.
    99 -9.99999978E-03  8.28703222E+02  1.48769062E+02  0.00000000E+00 -4.14351611E-06  1.
   100  0.00000000E+00  8.33927823E+02  1.47106952E+02  0.00000000E+00 -4.16963912E-06  1.
   101  9.99999978E-03  8.29064734E+02  1.47978747E+02  0.00000000E+00 -4.14532367E-06  1.
   102  1.99999996E-02  8.13931908E+02  1.50912135E+02  0.00000000E+00 -4.06965954E-06  1.
   103  2.99999993E-02  7.87983933E+02  1.58343011E+02  0.00000000E+00 -3.93991967E-06  1.
   104  3.99999991E-02  7.49884419E+02  1.70673083E+02  0.00000000E+00 -3.74942210E-06  1.
   105  5.00000007E-02  6.98387165E+02  1.94203340E+02  0.00000000E+00 -3.49193583E-06  1.
   106  5.99999987E-02  6.29483677E+02  2.44746630E+02  0.00000000E+00 -3.14741839E-06  1.
   107  7.00000003E-02  5.35531712E+02  3.21319027E+02  6.45714808E-06 -2.67765856E-06  2.
   108  7.99999982E-02  3.92457714E+02  2.35474628E+02  4.49437063E-05 -1.96228857E-06  2.
   109  9.00000036E-02  1.60444675E+02  9.62668050E+01  9.90295700E-05 -8.02223375E-07  2.
   110  1.00000001E-01  0.00000000E+00  0.00000000E+00  0.00000000E+00  3.31210240E-05  0.
   111  1.09999999E-01  0.00000000E+00  0.00000000E+00  0.00000000E+00  1.19411698E-04  0.
   112  1.19999997E-01  0.00000000E+00  0.00000000E+00  0.00000000E+00  2.34162952E-04  0.
   113  1.29999995E-01  0.00000000E+00  0.00000000E+00  0.00000000E+00  3.75497835E-04  0.
   114  1.40000001E-01  0.00000000E+00  0.00000000E+00  0.00000000E+00  5.40025368E-04  0.
   115  1.50000006E-01  0.00000000E+00  0.00000000E+00  0.00000000E+00  7.26706666E-04  0.
   116  1.59999996E-01  0.00000000E+00  0.00000000E+00  0.00000000E+00  9.34355518E-04  0.
   117  1.70000002E-01  0.00000000E+00  0.00000000E+00  0.00000000E+00  1.16232602E-03  0.
   118  1.80000007E-01  0.00000000E+00  0.00000000E+00  0.00000000E+00  1.41003793E-03  0.
   119  1.89999998E-01  0.00000000E+00  0.00000000E+00  0.00000000E+00  1.67707934E-03  0.
   120  2.00000003E-01  0.00000000E+00  0.00000000E+00  0.00000000E+00  1.96310543E-03  0.
   121  2.09999993E-01  0.00000000E+00  0.00000000E+00  0.00000000E+00  2.26784101E-03  0.
   122  2.19999999E-01  0.00000000E+00  0.00000000E+00  0.00000000E+00  2.59105682E-03  0.
   123  2.30000004E-01  0.00000000E+00  0.00000000E+00  0.00000000E+00  2.93256051E-03  0.
   124  2.39999995E-01  0.00000000E+00  0.00000000E+00  0.00000000E+00  3.29218772E-03  0.
   125  2.50000000E-01  0.00000000E+00  0.00000000E+00  0.00000000E+00  3.66979863E-03  0.
   126  2.59999990E-01  0.00000000E+00  0.00000000E+00  0.00000000E+00  4.06527139E-03  0.
   127  2.70000011E-01  0.00000000E+00  0.00000000E+00  0.00000000E+00  4.47849981E-03  0.
   128  2.80000001E-01  0.00000000E+00  0.00000000E+00  0.00000000E+00  4.90938825E-03  0.
   129  2.89999992E-01  0.00000000E+00  0.00000000E+00  0.00000000E+00  5.35785437E-03  0.
   130  3.00000012E-01  0.00000000E+00  0.00000000E+00  0.00000000E+00  5.82382535E-03  0.
   131  3.10000002E-01  0.00000000E+00  0.00000000E+00  0.00000000E+00  6.30723170E-03  0.
   132  3.19999993E-01  0.00000000E+00  0.00000000E+00  0.00000000E+00  6.80801306E-03  0.
   133  3.30000013E-01  0.00000000E+00  0.00000000E+00  0.00000000E+00  7.32611882E-03  0.
   134  3.40000004E-01  0.00000000E+00  0.00000000E+00  0.00000000E+00  7.86150169E-03  0.
   135  3.49999994E-01  0.00000000E+00  0.00000000E+00  0.00000000E+00  8.41406774E-03  0.
   136  3.60000014E-01  0.00000000E+00  0.00000000E+00  0.00000000E+00  8.98385170E-03  0.
   137  3.70000005E-01  0.00000000E+00  0.00000000E+00  0.00000000E+00  9.57077722E-03  0.
   138  3.79999995E-01  0.00000000E+00  0.00000000E+00  0.00000000E+00  1.01748095E-02  0.
   139  3.89999986E-01  0.00000000E+00  0.00000000E+00  0.00000000E+00  1.07959169E-02  0.
   140  4.00000006E-01  0.00000000E+00  0.00000000E+00  0.00000000E+00  1.14340658E-02  0.
   141  4.09999996E-01  0.00000000E+00  0.00000000E+00  0.00000000E+00  1.20892260E-02  0.
   142  4.19999987E-01  0.00000000E+00  0.00000000E+00  0.00000000E+00  1.27613698E-02  0.
   143  4.30000007E-01  0.00000000E+00  0.00000000E+00  0.00000000E+00  1.34504726E-02  0.
   144  4.39999998E-01  0.00000000E+00  0.00000000E+00  0.00000000E+00  1.41565054E-02  0.
   145  4.49999988E-01  0.00000000E+00  0.00000000E+00  0.00000000E+00  1.48794482E-02  0.
   146  4.60000008E-01  0.00000000E+00  0.00000000E+00  0.00000000E+00  1.56192771E-02  0.
   147  4.69999999E-01  0.00000000E+00  0.00000000E+00  0.00000000E+00  1.63759692E-02  0.
   148  4.79999989E-01  0.00000000E+00  0.00000000E+00  0.00000000E+00  1.71495048E-02  0.
   149  4.90000010E-01  0.00000000E+00  0.00000000E+00  0.00000000E+00  1.79398637E-02  0.
   150  5.00000000E-01  0.00000000E+00  0.00000000E+00  0.00000000E+00  1.87470253E-02  0.
   151  5.09999990E-01  0.00000000E+00  0.00000000E+00  0.00000000E+00  1.95709709E-02  0.
   152  5.19999981E-01  0.00000000E+00  0.00000000E+00  0.00000000E+00  2.04116694E-02  0.
   153  5.29999971E-01  0.00000000E+00  0.00000000E+00  0.00000000E+00  2.12691651E-02  0.
   154  5.40000021E-01  0.00000000E+00  0.00000000E+00  0.00000000E+00  2.21433755E-02  0.
   155  5.50000012E-01  0.00000000E+00  0.00000000E+00  0.00000000E+00  2.30342844E-02  0.
   156  5.60000002E-01  0.00000000E+00  0.00000000E+00  0.00000000E+00  2.39418984E-02  0.
   157  5.69999993E-01  0.00000000E+00  0.00000000E+00  0.00000000E+00  2.48661913E-02  0.
   158  5.79999983E-01  0.00000000E+00  0.00000000E+00  0.00000000E+00  2.58071532E-02  0.
   159  5.89999974E-01  0.00000000E+00  0.00000000E+00  0.00000000E+00  2.67647696E-02  0.
   160  6.00000024E-01  0.00000000E+00  0.00000000E+00  0.00000000E+00  2.77390263E-02  0.
   161  6.10000014E-01  0.00000000E+00  0.00000000E+00  0.00000000E+00  2.87299018E-02  0.
   162  6.20000005E-01  0.00000000E+00  0.00000000E+00  0.00000000E+00  2.97373836E-02  0.
   163  6.29999995E-01  0.00000000E+00  0.00000000E+00  0.00000000E+00  3.07614611E-02  0.
   164  6.39999986E-01  0.00000000E+00  0.00000000E+00  0.00000000E+00  3.18021163E-02  0.
   165  6.49999976E-01  0.00000000E+00  0.00000000E+00  0.00000000E+00  3.28593353E-02  0.
   166  6.60000026E-01  0.00000000E+00  0.00000000E+00  0.00000000E+00  3.39331125E-02  0.
   167  6.70000017E-01  0.00000000E+00  0.00000000E+00  0.00000000E+00  3.50234217E-02  0.
   168  6.80000007E-01  0.00000000E+00  0.00000000E+00  0.00000000E+00  3.61302519E-02  0.
   169  6.89999998E-01  0.00000000E+00  0.00000000E+00  0.00000000E+00  3.72535923E-02  0.
   170  6.99999988E-01  0.00000000E+00  0.00000000E+00  0.00000000E+00  3.83934278E-02  0.
   171  7.09999979E-01  0.00000000E+00  0.00000000E+00  0.00000000E+00  3.95497459E-02  0.
   172  7.20000029E-01  0.00000000E+00  0.00000000E+00  0.00000000E+00  4.07225440E-02  0.
   173  7.30000019E-01  0.00000000E+00  0.00000000E+00  0.00000000E+00  4.19117928E-02  0.
   174  7.40000010E-01  0.00000000E+00  0.00000000E+00  0.00000000E+00  4.31174859E-02  0.
   175  7.50000000E-01  0.00000000E+00  0.00000000E+00  0.00000000E+00  4.43396085E-02  0.
   176  7.59999990E-01  0.00000000E+00  0.00000000E+00  0.00000000E+00  4.55781517E-02  0.
   177  7.69999981E-01  0.00000000E+00  0.00000000E+00  0.00000000E+00  4.68330992E-02  0.
   178  7.79999971E-01  0.00000000E+00  0.00000000E+00  0.00000000E+00  4.81044336E-02  0.
   179  7.90000021E-01  0.00000000E+00  0.00000000E+00  0.00000000E+00  4.93921478E-02  0.
   180  8.00000012E-01  0.00000000E+00  0.00000000E+00  0.00000000E+00  5.06962189E-02  0.
   181  8.10000002E-01  0.00000000E+00  0.00000000E+00  0.00000000E+00  5.20166345E-02  0.
   182  8.19999993E-01  0.00000000E+00  0.00000000E+00  0.00000000E+00  5.33533872E-02  0.
   183  8.29999983E-01  0.00000000E+00  0.00000000E+00  0.00000000E+00  5.47064889E-02  0.
   184  8.39999974E-01  0.00000000E+00  0.00000000E+00  0.00000000E+00  5.60758840E-02  0.
   185  8.50000024E-01  0.00000000E+00  0.00000000E+00  0.00000000E+00  5.74615680E-02  0.
   186  8.60000014E-01  0.00000000E+00  0.00000000E+00  0.00000000E+00  5.88635432E-02  0.
   187  8.70000005E-01  0.00000000E+00  0.00000000E+00  0.00000000E+00  6.02817872E-02  0.
   188  8.79999995E-01  0.00000000E+00  0.00000000E+00  0.00000000E+00  6.17162809E-02  0.
   189  8.89999986E-01  0.00000000E+00  0.00000000E+00  0.00000000E+00  6.31670143E-02  0.
   190  8.99999976E-01  0.00000000E+00  0.00000000E+00  0.00000000E+00  6.46339697E-02  0.
   191  9.10000026E-01  0.00000000E+00  0.00000000E+00  0.00000000E+00  6.61171446E-02  0.
   192  9.20000017E-01  0.00000000E+00  0.00000000E+00  0.00000000E+00  6.76165182E-02  0.
   193  9.30000007E-01  0.00000000E+00  0.00000000E+00  0.00000000E+00  6.91320794E-02  0.
   194  9.39999998E-01  0.00000000E+00  0.00000000E+00  0.00000000E+00  7.06638259E-02  0.
   195  9.49999988E-01  0.00000000E+00  0.00000000E+00  0.00000000E+00  7.22117225E-02  0.
   196  9.59999979E-01  0.00000000E+00  0.00000000E+00  0.00000000E+00  7.37757615E-02  0.
   197  9.70000029E-01  0.00000000E+00  0.00000000E+00  0.00000000E+00  7.53559217E-02  0.
   198  9.80000019E-01  0.00000000E+00  0.00000000E+00  0.00000000E+00  7.69522017E-02  0.
   199  9.90000010E-01  0.00000000E+00  0.00000000E+00  0.00000000E+00  7.85645529E-02  0.
STEP   4 TIME  4.00000000E+00
     1 -9.90000010E-01  0.00000000E+00  0.00000000E+00  0.00000000E+00  7.86884816E-02  0.
     2 -9.80000019E-01  0.00000000E+00  0.00000000E+00  0.00000000E+00  7.70745088E-02  0.
     3 -9.70000029E-01  0.00000000E+00  0.00000000E+00  0.00000000E+00  7.54766716E-02  0.
     4 -9.59999979E-01  0.00000000E+00  0.00000000E+00  0.00000000E+00  7.38949260E-02  0.
     5 -9.49999988E-01  0.00000000E+00  0.00000000E+00  0.00000000E+00  7.23293385E-02  0.
     6 -9.39999998E-01  0.00000000E+00  0.00000000E+00  0.00000000E+00  7.07799086E-02  0.
     7 -9.30000007E-01  0.00000000E+00  0.00000000E+00  0.00000000E+00  6.92466368E-02  0.
     8 -9.20000017E-01  0.00000000E+00  0.00000000E+00  0.00000000E+00  6.77295335E-02  0.
     9 -9.10000026E-01  0.00000000E+00  0.00000000E+00  0.00000000E+00  6.62286147E-02  0.
    10 -8.99999976E-01  0.00000000E+00  0.00000000E+00  0.00000000E+00  6.47438847E-02  0.
    11 -8.89999986E-01  0.00000000E+00  0.00000000E+00  0.00000000E+00  6.32753880E-02  0.
    12 -8.79999995E-01  0.00000000E+00  0.00000000E+00  0.00000000E+00  6.18231391E-02  0.
    13 -8.70000005E-01  0.00000000E+00  0.00000000E+00  0.00000000E+00  6.03870814E-02  0.
    14 -8.60000014E-01  0.00000000E+00  0.00000000E+00  0.00000000E+00  5.89673273E-02  0.
    15 -8.50000024E-01  0.00000000E+00  0.00000000E+00  0.00000000E+00  5.75638418E-02  0.
    16 -8.39999974E-01  0.00000000E+00  0.00000000E+00  0.00000000E+00  5.61766311E-02  0.
    17 -8.29999983E-01  0.00000000E+00  0.00000000E+00  0.00000000E+00  5.48057260E-02  0.
    18 -8.19999993E-01  0.00000000E+00  0.00000000E+00  0.00000000E+00  5.34511286E-02  0.
    19 -8.10000002E-01  0.00000000E+00  0.00000000E+00  0.00000000E+00  5.21128534E-02  0.
    20 -8.00000012E-01  0.00000000E+00  0.00000000E+00  0.00000000E+00  5.07909234E-02  0.
    21 -7.90000021E-01  0.00000000E+00  0.00000000E+00  0.00000000E+00  4.94853482E-02  0.
    22 -7.79999971E-01  0.00000000E+00  0.00000000E+00  0.00000000E+00  4.81961314E-02  0.
    23 -7.69999981E-01  0.00000000E+00  0.00000000E+00  0.00000000E+00  4.69233057E-02  0.
    24 -7.59999990E-01  0.00000000E+00  0.00000000E+00  0.00000000E+00  4.56668741E-02  0.
    25 -7.50000000E-01  0.00000000E+00  0.00000000E+00  0.00000000E+00  4.44268497E-02  0.
    26 -7.40000010E-01  0.00000000E+00  0.00000000E+00  0.00000000E+00  4.32032394E-02  0.
    27 -7.30000019E-01  0.00000000E+00  0.00000000E+00  0.00000000E+00  4.19960620E-02  0.
    28 -7.20000029E-01  0.00000000E+00  0.00000000E+00  0.00000000E+00  4.08053302E-02  0.
    29 -7.09999979E-01  0.00000000E+00  0.00000000E+00  0.00000000E+00  3.96310507E-02  0.
    30 -6.99999988E-01  0.00000000E+00  0.00000000E+00  0.00000000E+00  3.84732485E-02  0.
    31 -6.89999998E-01  0.00000000E+00  0.00000000E+00  0.00000000E+00  3.73319342E-02  0.
    32 -6.80000007E-01  0.00000000E+00  0.00000000E+00  0.00000000E+00  3.62071186E-02  0.
    33 -6.70000017E-01  0.00000000E+00  0.00000000E+00  0.00000000E+00  3.50988183E-02  0.
    34 -6.60000026E-01  0.00000000E+00  0.00000000E+00  0.00000000E+00  3.40070036E-02  0.
    35 -6.49999976E-01  0.00000000E+00  0.00000000E+00  0.00000000E+00  3.29317859E-02  0.
    36 -6.39999986E-01  0.00000000E+00  0.00000000E+00  0.00000000E+00  3.18731156E-02  0.
    37 -6.29999995E-01  0.00000000E+00  0.00000000E+00  0.00000000E+00  3.08310151E-02  0.
    38 -6.20000005E-01  0.00000000E+00  0.00000000E+00  0.00000000E+00  2.98054957E-02  0.
    39 -6.10000014E-01  0.00000000E+00  0.00000000E+00  0.00000000E+00  2.87965785E-02  0.
    40 -6.00000024E-01  0.00000000E+00  0.00000000E+00  0.00000000E+00  2.78042736E-02  0.
    41 -5.89999974E-01  0.00000000E+00  0.00000000E+00  0.00000000E+00  2.68285915E-02  0.
    42 -5.79999983E-01  0.00000000E+00  0.00000000E+00  0.00000000E+00  2.58695546E-02  0.
    43 -5.69999993E-01  0.00000000E+00  0.00000000E+00  0.00000000E+00  2.49271763E-02  0.
    44 -5.60000002E-01  0.00000000E+00  0.00000000E+00  0.00000000E+00  2.40014711E-02  0.
    45 -5.50000012E-01  0.00000000E+00  0.00000000E+00  0.00000000E+00  2.30924510E-02  0.
    46 -5.40000021E-01  0.00000000E+00  0.00000000E+00  0.00000000E+00  2.22001388E-02  0.
    47 -5.29999971E-01  0.00000000E+00  0.00000000E+00  0.00000000E+00  2.13245385E-02  0.
    48 -5.19999981E-01  0.00000000E+00  0.00000000E+00  0.00000000E+00  2.04656831E-02  0.
    49 -5.09999990E-01  0.00000000E+00  0.00000000E+00  0.00000000E+00  1.96235814E-02  0.
    50 -5.00000000E-01  0.00000000E+00  0.00000000E+00  0.00000000E+00  1.87982528E-02  0.
    51 -4.90000010E-01  0.00000000E+00  0.00000000E+00  0.00000000E+00  1.79897142E-02  0.
    52 -4.79999989E-01  0.00000000E+00  0.00000000E+00  0.00000000E+00  1.71979834E-02  0.
    53 -4.69999999E-01  0.00000000E+00  0.00000000E+00  0.00000000E+00  1.64230827E-02  0.
    54 -4.60000008E-01  0.00000000E+00  0.00000000E+00  0.00000000E+00  1.56650315E-02  0.
    55 -4.49999988E-01  0.00000000E+00  0.00000000E+00  0.00000000E+00  1.49238490E-02  0.
    56 -4.39999998E-01  0.00000000E+00  0.00000000E+00  0.00000000E+00  1.41995598E-02  0.
    57 -4.30000007E-01  0.00000000E+00  0.00000000E+00  0.00000000E+00  1.34921864E-02  0.
    58 -4.19999987E-01  0.00000000E+00  0.00000000E+00  0.00000000E+00  1.28017500E-02  0.
    59 -4.09999996E-01  0.00000000E+00  0.00000000E+00  0.00000000E+00  1.21282796E-02  0.
    60 -4.00000006E-01  0.00000000E+00  0.00000000E+00  0.00000000E+00  1.14717999E-02  0.
    61 -3.89999986E-01  0.00000000E+00  0.00000000E+00  0.00000000E+00  1.08323383E-02  0.
    62 -3.79999995E-01  0.00000000E+00  0.00000000E+00  0.00000000E+00  1.02099265E-02  0.
    63 -3.70000005E-01  0.00000000E+00  0.00000000E+00  0.00000000E+00  9.60459667E-03  0.
    64 -3.60000014E-01  0.00000000E+00  0.00000000E+00  0.00000000E+00  9.01638157E-03  0.
    65 -3.49999994E-01  0.00000000E+00  0.00000000E+00  0.00000000E+00  8.44531618E-03  0.
    66 -3.40000004E-01  0.00000000E+00  0.00000000E+00  0.00000000E+00  7.89144333E-03  0.
    67 -3.30000013E-01  0.00000000E+00  0.00000000E+00  0.00000000E+00  7.35480372E-03  0.
    68 -3.19999993E-01  0.00000000E+00  0.00000000E+00  0.00000000E+00  6.83544224E-03  0.
    69 -3.10000002E-01  0.00000000E+00  0.00000000E+00  0.00000000E+00  6.33341243E-03  0.
    70 -3.00000012E-01  0.00000000E+00  0.00000000E+00  0.00000000E+00  5.84876698E-03  0.
    71 -2.89999992E-01  0.00000000E+00  0.00000000E+00  0.00000000E+00  5.38156611E-03  0.
    72 -2.80000001E-01  0.00000000E+00  0.00000000E+00  0.00000000E+00  4.93187968E-03  0.
    73 -2.70000011E-01  0.00000000E+00  0.00000000E+00  0.00000000E+00  4.49977944E-03  0.
    74 -2.59999990E-01  0.00000000E+00  0.00000000E+00  0.00000000E+00  4.08535269E-03  0.
    75 -2.50000000E-01  0.00000000E+00  0.00000000E+00  0.00000000E+00  3.68869215E-03  0.
    76 -2.39999995E-01  0.00000000E+00  0.00000000E+00  0.00000000E+00  3.30990493E-03  0.
    77 -2.30000004E-01  0.00000000E+00  0.00000000E+00  0.00000000E+00  2.94911424E-03  0.
    78 -2.19999999E-01  0.00000000E+00  0.00000000E+00  0.00000000E+00  2.60645943E-03  0.
    79 -2.09999993E-01  0.00000000E+00  0.00000000E+00  0.00000000E+00  2.28212972E-03  0.
    80 -2.00000003E-01  0.00000000E+00  0.00000000E+00  0.00000000E+00  1.97626139E-03  0.
    81 -1.89999998E-01  0.00000000E+00  0.00000000E+00  0.00000000E+00  1.68912230E-03  0.
    82 -1.80000007E-01  0.00000000E+00  0.00000000E+00  0.00000000E+00  1.42098002E-03  0.
    83 -1.70000002E-01  0.00000000E+00  0.00000000E+00  0.00000000E+00  1.17217760E-03  0.
    84 -1.59999996E-01  0.00000000E+00  0.00000000E+00  0.00000000E+00  9.43129172E-04  0.
    85 -1.50000006E-01  0.00000000E+00  0.00000000E+00  0.00000000E+00  7.34406920E-04  0.
    86 -1.40000001E-01  0.00000000E+00  0.00000000E+00  0.00000000E+00  5.46669260E-04  0.
    87 -1.29999995E-01  0.00000000E+00  0.00000000E+00  0.00000000E+00  3.81063017E-04  0.
    88 -1.19999997E-01  0.00000000E+00  0.00000000E+00  0.00000000E+00  2.38697103E-04  0.
    89 -1.09999999E-01  0.00000000E+00  0.00000000E+00  0.00000000E+00  1.22752871E-04  0.
    90 -1.00000001E-01  0.00000000E+00  0.00000000E+00  0.00000000E+00  3.54949743E-05  0.
    91 -9.00000036E-02  1.52331376E+02 -9.13988255E+01  1.59170991E-04 -7.61656879E-07  2.
    92 -7.99999982E-02  3.92333212E+02 -1.57802405E+02  4.75116453E-05 -1.96166606E-06  1.
    93 -7.00000003E-02  5.36019577E+02  8.02683799E+01  8.89951321E-06 -2.68009789E-06  1.
    94 -5.99999987E-02  6.26227619E+02  6.76151418E+01  0.00000000E+00 -3.13113809E-06  1.
    95 -5.00000007E-02  6.96593006E+02  3.40934307E+01  0.00000000E+00 -3.48296503E-06  1.
    96 -3.99999991E-02  7.49385399E+02  2.31631140E+01  0.00000000E+00 -3.74692700E-06  1.
    97 -2.99999993E-02  7.87433697E+02  1.83722262E+01  0.00000000E+00 -3.93716848E-06  1.
    98 -1.99999996E-02  8.13643827E+02  1.59577411E+01  0.00000000E+00 -4.06821914E-06  1.
    99 -9.99999978E-03  8.28927656E+02  1.38205126E+01  0.00000000E+00 -4.14463828E-06  1.
   100  0.00000000E+00  8.33973806E+02  1.30858478E+01  0.00000000E+00 -4.16986903E-06  1.
   101  9.99999978E-03  8.28933233E+02  1.30584465E+01  0.00000000E+00 -4.14466616E-06  1.
   102  1.99999996E-02  8.13596510E+02  1.30873840E+01  0.00000000E+00 -4.06798255E-06  1.
   103  2.99999993E-02  7.87496977E+02  1.53077587E+01  0.00000000E+00 -3.93748488E-06  1.
   104  3.99999991E-02  7.49064142E+02  1.89774076E+01  0.00000000E+00 -3.74532071E-06  1.
   105  5.00000007E-02  6.97587438E+02  2.91831765E+01  0.00000000E+00 -3.48793719E-06  1.
   106  5.99999987E-02  6.27909538E+02  5.53084216E+01  0.00000000E+00 -3.13954769E-06  1.
   107  7.00000003E-02  5.31679082E+02  8.40466304E+01  6.45714808E-06 -2.65839541E-06  1.
   108  7.99999982E-02  3.89200424E+02 -1.50639211E+02  4.49437063E-05 -1.94600212E-06  1.
   109  9.00000036E-02  1.57540444E+02 -9.45242666E+01  1.54252559E-04 -7.87702222E-07  2.
   110  1.00000001E-01  0.00000000E+00  0.00000000E+00  0.00000000E+00  3.48366167E-05  0.
   111  1.09999999E-01  0.00000000E+00  0.00000000E+00  0.00000000E+00  1.22462447E-04  0.
   112  1.19999997E-01  0.00000000E+00  0.00000000E+00  0.00000000E+00  2.38144078E-04  0.
   113  1.29999995E-01  0.00000000E+00  0.00000000E+00  0.00000000E+00  3.80447457E-04  0.
   114  1.40000001E-01  0.00000000E+00  0.00000000E+00  0.00000000E+00  5.45960090E-04  0.
   115  1.50000006E-01  0.00000000E+00  0.00000000E+00  0.00000000E+00  7.33621988E-04  0.
   116  1.59999996E-01  0.00000000E+00  0.00000000E+00  0.00000000E+00  9.42268587E-04  0.
   117  1.70000002E-01  0.00000000E+00  0.00000000E+00  0.00000000E+00  1.17124528E-03  0.
   118  1.80000007E-01  0.00000000E+00  0.00000000E+00  0.00000000E+00  1.41997734E-03  0.
   119  1.89999998E-01  0.00000000E+00  0.00000000E+00  0.00000000E+00  1.68805082E-03  0.
   120  2.00000003E-01  0.00000000E+00  0.00000000E+00  0.00000000E+00  1.97512209E-03  0.
   121  2.09999993E-01  0.00000000E+00  0.00000000E+00  0.00000000E+00  2.28091528E-03  0.
   122  2.19999999E-01  0.00000000E+00  0.00000000E+00  0.00000000E+00  2.60520122E-03  0.
   123  2.30000004E-01  0.00000000E+00  0.00000000E+00  0.00000000E+00  2.94777578E-03  0.
   124  2.39999995E-01  0.00000000E+00  0.00000000E+00  0.00000000E+00  3.30852378E-03  0.
   125  2.50000000E-01  0.00000000E+00  0.00000000E+00  0.00000000E+00  3.68724389E-03  0.
   126  2.59999990E-01  0.00000000E+00  0.00000000E+00  0.00000000E+00  4.08383706E-03  0.
   127  2.70000011E-01  0.00000000E+00  0.00000000E+00  0.00000000E+00  4.49819801E-03  0.
   128  2.80000001E-01  0.00000000E+00  0.00000000E+00  0.00000000E+00  4.93023115E-03  0.
   129  2.89999992E-01  0.00000000E+00  0.00000000E+00  0.00000000E+00  5.37985241E-03  0.
   130  3.00000012E-01  0.00000000E+00  0.00000000E+00  0.00000000E+00  5.84698840E-03  0.
   131  3.10000002E-01  0.00000000E+00  0.00000000E+00  0.00000000E+00  6.33157112E-03  0.
   132  3.19999993E-01  0.00000000E+00  0.00000000E+00  0.00000000E+00  6.83353844E-03  0.
   133  3.30000013E-01  0.00000000E+00  0.00000000E+00  0.00000000E+00  7.35283720E-03  0.
   134  3.40000004E-01  0.00000000E+00  0.00000000E+00  0.00000000E+00  7.88941421E-03  0.
   135  3.49999994E-01  0.00000000E+00  0.00000000E+00  0.00000000E+00  8.44322455E-03  0.
   136  3.60000014E-01  0.00000000E+00  0.00000000E+00  0.00000000E+00  9.01422752E-03  0.
   137  3.70000005E-01  0.00000000E+00  0.00000000E+00  0.00000000E+00  9.60238027E-03  0.
   138  3.79999995E-01  0.00000000E+00  0.00000000E+00  0.00000000E+00  1.02076478E-02  0.
   139  3.89999986E-01  0.00000000E+00  0.00000000E+00  0.00000000E+00  1.08299976E-02  0.
   140  4.00000006E-01  0.00000000E+00  0.00000000E+00  0.00000000E+00  1.14693970E-02  0.
   141  4.09999996E-01  0.00000000E+00  0.00000000E+00  0.00000000E+00  1.21258146E-02  0.
   142  4.19999987E-01  0.00000000E+00  0.00000000E+00  0.00000000E+00  1.27992231E-02  0.
   143  4.30000007E-01  0.00000000E+00  0.00000000E+00  0.00000000E+00  1.34895976E-02  0.
   144  4.39999998E-01  0.00000000E+00  0.00000000E+00  0.00000000E+00  1.41969090E-02  0.
   145  4.49999988E-01  0.00000000E+00  0.00000000E+00  0.00000000E+00  1.49211365E-02  0.
   146  4.60000008E-01  0.00000000E+00  0.00000000E+00  0.00000000E+00  1.56622571E-02  0.
   147  4.69999999E-01  0.00000000E+00  0.00000000E+00  0.00000000E+00  1.64202466E-02  0.
   148  4.79999989E-01  0.00000000E+00  0.00000000E+00  0.00000000E+00  1.71950857E-02  0.
   149  4.90000010E-01  0.00000000E+00  0.00000000E+00  0.00000000E+00  1.79867547E-02  0.
   150  5.00000000E-01  0.00000000E+00  0.00000000E+00  0.00000000E+00  1.87952317E-02  0.
   151  5.09999990E-01  0.00000000E+00  0.00000000E+00  0.00000000E+00  1.96204987E-02  0.
   152  5.19999981E-01  0.00000000E+00  0.00000000E+00  0.00000000E+00  2.04625388E-02  0.
   153  5.29999971E-01  0.00000000E+00  0.00000000E+00  0.00000000E+00  2.13213327E-02  0.
   154  5.40000021E-01  0.00000000E+00  0.00000000E+00  0.00000000E+00  2.21968716E-02  0.
   155  5.50000012E-01  0.00000000E+00  0.00000000E+00  0.00000000E+00  2.30891222E-02  0.
   156  5.60000002E-01  0.00000000E+00  0.00000000E+00  0.00000000E+00  2.39980810E-02  0.
   157  5.69999993E-01  0.00000000E+00  0.00000000E+00  0.00000000E+00  2.49237246E-02  0.
   158  5.79999983E-01  0.00000000E+00  0.00000000E+00  0.00000000E+00  2.58660416E-02  0.
   159  5.89999974E-01  0.00000000E+00  0.00000000E+00  0.00000000E+00  2.68250199E-02  0.
   160  6.00000024E-01  0.00000000E+00  0.00000000E+00  0.00000000E+00  2.78006434E-02  0.
   161  6.10000014E-01  0.00000000E+00  0.00000000E+00  0.00000000E+00  2.87928898E-02  0.
   162  6.20000005E-01  0.00000000E+00  0.00000000E+00  0.00000000E+00  2.98017483E-02  0.
   163  6.29999995E-01  0.00000000E+00  0.00000000E+00  0.00000000E+00  3.08272302E-02  0.
   164  6.39999986E-01  0.00000000E+00  0.00000000E+00  0.00000000E+00  3.18692168E-02  0.
   165  6.49999976E-01  0.00000000E+00  0.00000000E+00  0.00000000E+00  3.29278417E-02  0.
   166  6.60000026E-01  0.00000000E+00  0.00000000E+00  0.00000000E+00  3.40030195E-02  0.
   167  6.70000017E-01  0.00000000E+00  0.00000000E+00  0.00000000E+00  3.50947347E-02  0.
   168  6.80000007E-01  0.00000000E+00  0.00000000E+00  0.00000000E+00  3.62029738E-02  0.
   169  6.89999998E-01  0.00000000E+00  0.00000000E+00  0.00000000E+00  3.73277281E-02  0.
   170  6.99999988E-01  0.00000000E+00  0.00000000E+00  0.00000000E+00  3.84689813E-02  0.
   171  7.09999979E-01  0.00000000E+00  0.00000000E+00  0.00000000E+00  3.96267221E-02  0.
   172  7.20000029E-01  0.00000000E+00  0.00000000E+00  0.00000000E+00  4.08009405E-02  0.
   173  7.30000019E-01  0.00000000E+00  0.00000000E+00  0.00000000E+00  4.19916112E-02  0.
   174  7.40000010E-01  0.00000000E+00  0.00000000E+00  0.00000000E+00  4.31987275E-02  0.
   175  7.50000000E-01  0.00000000E+00  0.00000000E+00  0.00000000E+00  4.44222762E-02  0.
   176  7.59999990E-01  0.00000000E+00  0.00000000E+00  0.00000000E+00  4.56622401E-02  0.
   177  7.69999981E-01  0.00000000E+00  0.00000000E+00  0.00000000E+00  4.69186179E-02  0.
   178  7.79999971E-01  0.00000000E+00  0.00000000E+00  0.00000000E+00  4.81913897E-02  0.
   179  7.90000021E-01  0.00000000E+00  0.00000000E+00  0.00000000E+00  4.94805466E-02  0.
   180  8.00000012E-01  0.00000000E+00  0.00000000E+00  0.00000000E+00  5.07860694E-02  0.
   181  8.10000002E-01  0.00000000E+00  0.00000000E+00  0.00000000E+00  5.21079450E-02  0.
   182  8.19999993E-01  0.00000000E+00  0.00000000E+00  0.00000000E+00  5.34461597E-02  0.
   183  8.29999983E-01  0.00000000E+00  0.00000000E+00  0.00000000E+00  5.48006961E-02  0.
   184  8.39999974E-01  0.00000000E+00  0.00000000E+00  0.00000000E+00  5.61715399E-02  0.
   185  8.50000024E-01  0.00000000E+00  0.00000000E+00  0.00000000E+00  5.75586898E-02  0.
   186  8.60000014E-01  0.00000000E+00  0.00000000E+00  0.00000000E+00  5.89621147E-02  0.
   187  8.70000005E-01  0.00000000E+00  0.00000000E+00  0.00000000E+00  6.03817715E-02  0.
   188  8.79999995E-01  0.00000000E+00  0.00000000E+00  0.00000000E+00  6.18177507E-02  0.
   189  8.89999986E-01  0.00000000E+00  0.00000000E+00  0.00000000E+00  6.32699633E-02  0.
   190  8.99999976E-01  0.00000000E+00  0.00000000E+00  0.00000000E+00  6.47384071E-02  0.
   191  9.10000026E-01  0.00000000E+00  0.00000000E+00  0.00000000E+00  6.62230762E-02  0.
   192  9.20000017E-01  0.00000000E+00  0.00000000E+00  0.00000000E+00  6.77239341E-02  0.
   193  9.30000007E-01  0.00000000E+00  0.00000000E+00  0.00000000E+00  6.92409765E-02  0.
   194  9.39999998E-01  0.00000000E+00  0.00000000E+00  0.00000000E+00  7.07741876E-02  0.
   195  9.49999988E-01  0.00000000E+00  0.00000000E+00  0.00000000E+00  7.23235740E-02  0.
   196  9.59999979E-01  0.00000000E+00  0.00000000E+00  0.00000000E+00  7.38891079E-02  0.
   197  9.70000029E-01  0.00000000E+00  0.00000000E+00  0.00000000E+00  7.54708010E-02  0.
   198  9.80000019E-01  0.00000000E+00  0.00000000E+00  0.00000000E+00  7.70685776E-02  0.
   199  9.90000010E-01  0.00000000E+00  0.00000000E+00  0.00000000E+00  7.86824899E-02  0.
STEP   5 TIME  5.00000000E+00
     1 -9.90000010E-01  0.00000000E+00  0.00000000E+00  0.00000000E+00  7.85645521E-02  0.
     2 -9.80000019E-01  0.00000000E+00  0.00000000E+00  0.00000000E+00  7.69522010E-02  0.
     3 -9.70000029E-01  0.00000000E+00  0.00000000E+00  0.00000000E+00  7.53559210E-02  0.
     4 -9.59999979E-01  0.00000000E+00  0.00000000E+00  0.00000000E+00  7.37757608E-02  0.
     5 -9.49999988E-01  0.00000000E+00  0.00000000E+00  0.00000000E+00  7.22117219E-02  0.
     6 -9.39999998E-01  0.00000000E+00  0.00000000E+00  0.00000000E+00  7.06638252E-02  0.
     7 -9.30000007E-01  0.00000000E+00  0.00000000E+00  0.00000000E+00  6.91320788E-02  0.
     8 -9.20000017E-01  0.00000000E+00  0.00000000E+00  0.00000000E+00  6.76165176E-02  0.
     9 -9.10000026E-01  0.00000000E+00  0.00000000E+00  0.00000000E+00  6.61171441E-02  0.
    10 -8.99999976E-01  0.00000000E+00  0.00000000E+00  0.00000000E+00  6.46339693E-02  0.
    11 -8.89999986E-01  0.00000000E+00  0.00000000E+00  0.00000000E+00  6.31670138E-02  0.
    12 -8.79999995E-01  0.00000000E+00  0.00000000E+00  0.00000000E+00  6.17162805E-02  0.
    13 -8.70000005E-01  0.00000000E+00  0.00000000E+00  0.00000000E+00  6.02817867E-02  0.
    14 -8.60000014E-01  0.00000000E+00  0.00000000E+00  0.00000000E+00  5.88635427E-02  0.
    15 -8.50000024E-01  0.00000000E+00  0.00000000E+00  0.00000000E+00  5.74615676E-02  0.
    16 -8.39999974E-01  0.00000000E+00  0.00000000E+00  0.00000000E+00  5.60759013E-02  0.
    17 -8.29999983E-01  0.00000000E+00  0.00000000E+00  0.00000000E+00  5.47064443E-02  0.
    18 -8.19999993E-01  0.00000000E+00  0.00000000E+00  0.00000000E+00  5.33533865E-02  0.
    19 -8.10000002E-01  0.00000000E+00  0.00000000E+00  0.00000000E+00  5.20166338E-02  0.
    20 -8.00000012E-01  0.00000000E+00  0.00000000E+00  0.00000000E+00  5.06962182E-02  0.
    21 -7.90000021E-01  0.00000000E+00  0.00000000E+00  0.00000000E+00  4.93921471E-02  0.
    22 -7.79999971E-01  0.00000000E+00  0.00000000E+00  0.00000000E+00  4.81044329E-02  0.
    23 -7.69999981E-01  0.00000000E+00  0.00000000E+00  0.00000000E+00  4.68330985E-02  0.
    24 -7.59999990E-01  0.00000000E+00  0.00000000E+00  0.00000000E+00  4.55781510E-02  0.
    25 -7.50000000E-01  0.00000000E+00  0.00000000E+00  0.00000000E+00  4.43396078E-02  0.
    26 -7.40000010E-01  0.00000000E+00  0.00000000E+00  0.00000000E+00  4.31174853E-02  0.
    27 -7.30000019E-01  0.00000000E+00  0.00000000E+00  0.00000000E+00  4.19117922E-02  0.
    28 -7.20000029E-01  0.00000000E+00  0.00000000E+00  0.00000000E+00  4.07225434E-02  0.
    29 -7.09999979E-01  0.00000000E+00  0.00000000E+00  0.00000000E+00  3.95497454E-02  0.
    30 -6.99999988E-01  0.00000000E+00  0.00000000E+00  0.00000000E+00  3.83934273E-02  0.
    31 -6.89999998E-01  0.00000000E+00  0.00000000E+00  0.00000000E+00  3.72535918E-02  0.
    32 -6.80000007E-01  0.00000000E+00  0.00000000E+00  0.00000000E+00  3.61302514E-02  0.
    33 -6.70000017E-01  0.00000000E+00  0.00000000E+00  0.00000000E+00  3.50234212E-02  0.
    34 -6.60000026E-01  0.00000000E+00  0.00000000E+00  0.00000000E+00  3.39331120E-02  0.
    35 -6.49999976E-01  0.00000000E+00  0.00000000E+00  0.00000000E+00  3.28593348E-02  0.
    36 -6.39999986E-01  0.00000000E+00  0.00000000E+00  0.00000000E+00  3.18021159E-02  0.
    37 -6.29999995E-01  0.00000000E+00  0.00000000E+00  0.00000000E+00  3.07614606E-02  0.
    38 -6.20000005E-01  0.00000000E+00  0.00000000E+00  0.00000000E+00  2.97373831E-02  0.
    39 -6.10000014E-01  0.00000000E+00  0.00000000E+00  0.00000000E+00  2.87299013E-02  0.
    40 -6.00000024E-01  0.00000000E+00  0.00000000E+00  0.00000000E+00  2.77390258E-02  0.
    41 -5.89999974E-01  0.00000000E+00  0.00000000E+00  0.00000000E+00  2.67647691E-02  0.
    42 -5.79999983E-01  0.00000000E+00  0.00000000E+00  0.00000000E+00  2.58071528E-02  0.
    43 -5.69999993E-01  0.00000000E+00  0.00000000E+00  0.00000000E+00  2.48661908E-02  0.
    44 -5.60000002E-01  0.00000000E+00  0.00000000E+00  0.00000000E+00  2.39418979E-02  0.
    45 -5.50000012E-01  0.00000000E+00  0.00000000E+00  0.00000000E+00  2.30342840E-02  0.
    46 -5.40000021E-01  0.00000000E+00  0.00000000E+00  0.00000000E+00  2.21433750E-02  0.
    47 -5.29999971E-01  0.00000000E+00  0.00000000E+00  0.00000000E+00  2.12691209E-02  0.
    48 -5.19999981E-01  0.00000000E+00  0.00000000E+00  0.00000000E+00  2.04116857E-02  0.
    49 -5.09999990E-01  0.00000000E+00  0.00000000E+00  0.00000000E+00  1.95709701E-02  0.
    50 -5.00000000E-01  0.00000000E+00  0.00000000E+00  0.00000000E+00  1.87470245E-02  0.
    51 -4.90000010E-01  0.00000000E+00  0.00000000E+00  0.00000000E+00  1.79398628E-02  0.
    52 -4.79999989E-01  0.00000000E+00  0.00000000E+00  0.00000000E+00  1.71495040E-02  0.
    53 -4.69999999E-01  0.00000000E+00  0.00000000E+00  0.00000000E+00  1.63759683E-02  0.
    54 -4.60000008E-01  0.00000000E+00  0.00000000E+00  0.00000000E+00  1.56192762E-02  0.
    55 -4.49999988E-01  0.00000000E+00  0.00000000E+00  0.00000000E+00  1.48794474E-02  0.
    56 -4.39999998E-01  0.00000000E+00  0.00000000E+00  0.00000000E+00  1.41565045E-02  0.
    57 -4.30000007E-01  0.00000000E+00  0.00000000E+00  0.00000000E+00  1.34504717E-02  0.
    58 -4.19999987E-01  0.00000000E+00  0.00000000E+00  0.00000000E+00  1.27613690E-02  0.
    59 -4.09999996E-01  0.00000000E+00  0.00000000E+00  0.00000000E+00  1.20892251E-02  0.
    60 -4.00000006E-01  0.00000000E+00  0.00000000E+00  0.00000000E+00  1.14340649E-02  0.
    61 -3.89999986E-01  0.00000000E+00  0.00000000E+00  0.00000000E+00  1.07959160E-02  0.
    62 -3.79999995E-01  0.00000000E+00  0.00000000E+00  0.00000000E+00  1.01748087E-02  0.
    63 -3.70000005E-01  0.00000000E+00  0.00000000E+00  0.00000000E+00  9.57077639E-03  0.
    64 -3.60000014E-01  0.00000000E+00  0.00000000E+00  0.00000000E+00  8.98385087E-03  0.
    65 -3.49999994E-01  0.00000000E+00  0.00000000E+00  0.00000000E+00  8.41406691E-03  0.
    66 -3.40000004E-01  0.00000000E+00  0.00000000E+00  0.00000000E+00  7.86146688E-03  0.
    67 -3.30000013E-01  0.00000000E+00  0.00000000E+00  0.00000000E+00  7.32613222E-03  0.
    68 -3.19999993E-01  0.00000000E+00  0.00000000E+00  0.00000000E+00  6.80801265E-03  0.
    69 -3.10000002E-01  0.00000000E+00  0.00000000E+00  0.00000000E+00  6.30723129E-03  0.
    70 -3.00000012E-01  0.00000000E+00  0.00000000E+00  0.00000000E+00  5.82382494E-03  0.
    71 -2.89999992E-01  0.00000000E+00  0.00000000E+00  0.00000000E+00  5.35785396E-03  0.
    72 -2.80000001E-01  0.00000000E+00  0.00000000E+00  0.00000000E+00  4.90938785E-03  0.
    73 -2.70000011E-01  0.00000000E+00  0.00000000E+00  0.00000000E+00  4.47849941E-03  0.
    74 -2.59999990E-01  0.00000000E+00  0.00000000E+00  0.00000000E+00  4.06527100E-03  0.
    75 -2.50000000E-01  0.00000000E+00  0.00000000E+00  0.00000000E+00  3.66979824E-03  0.
    76 -2.39999995E-01  0.00000000E+00  0.00000000E+00  0.00000000E+00  3.29218734E-03  0.
    77 -2.30000004E-01  0.00000000E+00  0.00000000E+00  0.00000000E+00  2.93256013E-03  0.
    78 -2.19999999E-01  0.00000000E+00  0.00000000E+00  0.00000000E+00  2.59105644E-03  0.
    79 -2.09999993E-01  0.00000000E+00  0.00000000E+00  0.00000000E+00  2.26784063E-03  0.
    80 -2.00000003E-01  0.00000000E+00  0.00000000E+00  0.00000000E+00  1.96310507E-03  0.
    81 -1.89999998E-01  0.00000000E+00  0.00000000E+00  0.00000000E+00  1.67707898E-03  0.
    82 -1.80000007E-01  0.00000000E+00  0.00000000E+00  0.00000000E+00  1.41003758E-03  0.
    83 -1.70000002E-01  0.00000000E+00  0.00000000E+00  0.00000000E+00  1.16232567E-03  0.
    84 -1.59999996E-01  0.00000000E+00  0.00000000E+00  0.00000000E+00  9.34355185E-04  0.
    85 -1.50000006E-01  0.00000000E+00  0.00000000E+00  0.00000000E+00  7.26706349E-04  0.
    86 -1.40000001E-01  0.00000000E+00  0.00000000E+00  0.00000000E+00  5.40025075E-04  0.
    87 -1.29999995E-01  0.00000000E+00  0.00000000E+00  0.00000000E+00  3.75497571E-04  0.
    88 -1.19999997E-01  0.00000000E+00  0.00000000E+00  0.00000000E+00  2.34162767E-04  0.
    89 -1.09999999E-01  0.00000000E+00  0.00000000E+00  0.00000000E+00  1.19411560E-04  0.
    90 -1.00000001E-01  0.00000000E+00  0.00000000E+00  0.00000000E+00  3.31218263E-05  0.
    91 -9.00000036E-02  1.60424915E+02 -9.62549492E+01  3.02839109E-04 -8.02124577E-07  2.
    92 -7.99999982E-02  3.92397614E+02 -2.35438568E+02  1.40085609E-04 -1.96198807E-06  2.
    93 -7.00000003E-02  5.35531910E+02 -3.21319146E+02  2.42811048E-05 -2.67765955E-06  2.
    94 -5.99999987E-02  6.29543854E+02 -2.44797721E+02  0.00000000E+00 -3.14771927E-06  1.
    95 -5.00000007E-02  6.98395843E+02 -1.94197535E+02  0.00000000E+00 -3.49197922E-06  1.
    96 -3.99999991E-02  7.49886458E+02 -1.70671104E+02  0.00000000E+00 -3.74943229E-06  1.
    97 -2.99999993E-02  7.87985377E+02 -1.58342051E+02  0.00000000E+00 -3.93992689E-06  1.
    98 -1.99999996E-02  8.13932893E+02 -1.50910893E+02  0.00000000E+00 -4.06966447E-06  1.
    99 -9.99999978E-03  8.29065581E+02 -1.47977900E+02  0.00000000E+00 -4.14532790E-06  1.
   100  0.00000000E+00  8.33928583E+02 -1.47106006E+02  0.00000000E+00 -4.16964291E-06  1.
   101  9.99999978E-03  8.28703941E+02 -1.48768227E+02  0.00000000E+00 -4.14351971E-06  1.
   102  1.99999996E-02  8.13210737E+02 -1.53842963E+02  0.00000000E+00 -4.06605369E-06  1.
   103  2.99999993E-02  7.86841663E+02 -1.61505556E+02  0.00000000E+00 -3.93420831E-06  1.
   104  3.99999991E-02  7.48440802E+02 -1.75022616E+02  0.00000000E+00 -3.74220401E-06  1.
   105  5.00000007E-02  6.95650174E+02 -1.99337348E+02  0.00000000E+00 -3.47825087E-06  1.
   106  5.99999987E-02  6.24323735E+02 -2.57547455E+02  0.00000000E+00 -3.12161868E-06  1.
   107  7.00000003E-02  5.31758598E+02 -3.19055159E+02  2.18059746E-05 -2.65879299E-06  2.
   108  7.99999982E-02  3.88922154E+02 -2.33353293E+02  1.37300835E-04 -1.94461077E-06  2.
   109  9.00000036E-02  1.49358376E+02 -8.96150257E+01  2.99639729E-04 -7.46791881E-07  2.
   110  1.00000001E-01  0.00000000E+00  0.00000000E+00  0.00000000E+00  3.72397955E-05  0.
   111  1.09999999E-01  0.00000000E+00  0.00000000E+00  0.00000000E+00  1.25805551E-04  0.
   112  1.19999997E-01  0.00000000E+00  0.00000000E+00  0.00000000E+00  2.42682139E-04  0.
   113  1.29999995E-01  0.00000000E+00  0.00000000E+00  0.00000000E+00  3.86020682E-04  0.
   114  1.40000001E-01  0.00000000E+00  0.00000000E+00  0.00000000E+00  5.52611610E-04  0.
   115  1.50000006E-01  0.00000000E+00  0.00000000E+00  0.00000000E+00  7.41331757E-04  0.
   116  1.59999996E-01  0.00000000E+00  0.00000000E+00  0.00000000E+00  9.51039710E-04  0.
   117  1.70000002E-01  0.00000000E+00  0.00000000E+00  0.00000000E+00  1.18112281E-03  0.
   118  1.80000007E-01  0.00000000E+00  0.00000000E+00  0.00000000E+00  1.43095250E-03  0.
   119  1.89999998E-01  0.00000000E+00  0.00000000E+00  0.00000000E+00  1.70013530E-03  0.
   120  2.00000003E-01  0.00000000E+00  0.00000000E+00  0.00000000E+00  1.98832979E-03  0.
   121  2.09999993E-01  0.00000000E+00  0.00000000E+00  0.00000000E+00  2.29525862E-03  0.
   122  2.19999999E-01  0.00000000E+00  0.00000000E+00  0.00000000E+00  2.62069524E-03  0.
   123  2.30000004E-01  0.00000000E+00  0.00000000E+00  0.00000000E+00  2.96444120E-03  0.
   124  2.39999995E-01  0.00000000E+00  0.00000000E+00  0.00000000E+00  3.32633354E-03  0.
   125  2.50000000E-01  0.00000000E+00  0.00000000E+00  0.00000000E+00  3.70623205E-03  0.
   126  2.59999990E-01  0.00000000E+00  0.00000000E+00  0.00000000E+00  4.10401407E-03  0.
   127  2.70000011E-01  0.00000000E+00  0.00000000E+00  0.00000000E+00  4.51957328E-03  0.
   128  2.80000001E-01  0.00000000E+00  0.00000000E+00  0.00000000E+00  4.95281325E-03  0.
   129  2.89999992E-01  0.00000000E+00  0.00000000E+00  0.00000000E+00  5.40365120E-03  0.
   130  3.00000012E-01  0.00000000E+00  0.00000000E+00  0.00000000E+00  5.87201364E-03  0.
   131  3.10000002E-01  0.00000000E+00  0.00000000E+00  0.00000000E+00  6.35783037E-03  0.
   132  3.19999993E-01  0.00000000E+00  0.00000000E+00  0.00000000E+00  6.86104132E-03  0.
   133  3.30000013E-01  0.00000000E+00  0.00000000E+00  0.00000000E+00  7.38159316E-03  0.
   134  3.40000004E-01  0.00000000E+00  0.00000000E+00  0.00000000E+00  7.91943218E-03  0.
   135  3.49999994E-01  0.00000000E+00  0.00000000E+00  0.00000000E+00  8.47451330E-03  0.
   136  3.60000014E-01  0.00000000E+00  0.00000000E+00  0.00000000E+00  9.04679559E-03  0.
   137  3.70000005E-01  0.00000000E+00  0.00000000E+00  0.00000000E+00  9.63623608E-03  0.
   138  3.79999995E-01  0.00000000E+00  0.00000000E+00  0.00000000E+00  1.02427996E-02  0.
   139  3.89999986E-01  0.00000000E+00  0.00000000E+00  0.00000000E+00  1.08664526E-02  0.
   140  4.00000006E-01  0.00000000E+00  0.00000000E+00  0.00000000E+00  1.15071637E-02  0.
   141  4.09999996E-01  0.00000000E+00  0.00000000E+00  0.00000000E+00  1.21649001E-02  0.
   142  4.19999987E-01  0.00000000E+00  0.00000000E+00  0.00000000E+00  1.28396347E-02  0.
   143  4.30000007E-01  0.00000000E+00  0.00000000E+00  0.00000000E+00  1.35313429E-02  0.
   144  4.39999998E-01  0.00000000E+00  0.00000000E+00  0.00000000E+00  1.42399951E-02  0.
   145  4.49999988E-01  0.00000000E+00  0.00000000E+00  0.00000000E+00  1.49655696E-02  0.
   146  4.60000008E-01  0.00000000E+00  0.00000000E+00  0.00000000E+00  1.57080447E-02  0.
   147  4.69999999E-01  0.00000000E+00  0.00000000E+00  0.00000000E+00  1.64673948E-02  0.
   148  4.79999989E-01  0.00000000E+00  0.00000000E+00  0.00000000E+00  1.72436005E-02  0.
   149  4.90000010E-01  0.00000000E+00  0.00000000E+00  0.00000000E+00  1.80366435E-02  0.
   150  5.00000000E-01  0.00000000E+00  0.00000000E+00  0.00000000E+00  1.88465000E-02  0.
   151  5.09999990E-01  0.00000000E+00  0.00000000E+00  0.00000000E+00  1.96731529E-02  0.
   152  5.19999981E-01  0.00000000E+00  0.00000000E+00  0.00000000E+00  2.05165844E-02  0.
   153  5.29999971E-01  0.00000000E+00  0.00000000E+00  0.00000000E+00  2.13767759E-02  0.
   154  5.40000021E-01  0.00000000E+00  0.00000000E+00  0.00000000E+00  2.22537166E-02  0.
   155  5.50000012E-01  0.00000000E+00  0.00000000E+00  0.00000000E+00  2.31473770E-02  0.
   156  5.60000002E-01  0.00000000E+00  0.00000000E+00  0.00000000E+00  2.40577485E-02  0.
   157  5.69999993E-01  0.00000000E+00  0.00000000E+00  0.00000000E+00  2.49848122E-02  0.
   158  5.79999983E-01  0.00000000E+00  0.00000000E+00  0.00000000E+00  2.59285538E-02  0.
   159  5.89999974E-01  0.00000000E+00  0.00000000E+00  0.00000000E+00  2.68889583E-02  0.
   160  6.00000024E-01  0.00000000E+00  0.00000000E+00  0.00000000E+00  2.78660142E-02  0.
   161  6.10000014E-01  0.00000000E+00  0.00000000E+00  0.00000000E+00  2.88596970E-02  0.
   162  6.20000005E-01  0.00000000E+00  0.00000000E+00  0.00000000E+00  2.98699958E-02  0.
   163  6.29999995E-01  0.00000000E+00  0.00000000E+00  0.00000000E+00  3.08968983E-02  0.
   164  6.39999986E-01  0.00000000E+00  0.00000000E+00  0.00000000E+00  3.19403877E-02  0.
   165  6.49999976E-01  0.00000000E+00  0.00000000E+00  0.00000000E+00  3.30004493E-02  0.
   166  6.60000026E-01  0.00000000E+00  0.00000000E+00  0.00000000E+00  3.40770772E-02  0.
   167  6.70000017E-01  0.00000000E+00  0.00000000E+00  0.00000000E+00  3.51702456E-02  0.
   168  6.80000007E-01  0.00000000E+00  0.00000000E+00  0.00000000E+00  3.62799423E-02  0.
   169  6.89999998E-01  0.00000000E+00  0.00000000E+00  0.00000000E+00  3.74061574E-02  0.
   170  6.99999988E-01  0.00000000E+00  0.00000000E+00  0.00000000E+00  3.85488814E-02  0.
   171  7.09999979E-01  0.00000000E+00  0.00000000E+00  0.00000000E+00  3.97080963E-02  0.
   172  7.20000029E-01  0.00000000E+00  0.00000000E+00  0.00000000E+00  4.08838143E-02  0.
   173  7.30000019E-01  0.00000000E+00  0.00000000E+00  0.00000000E+00  4.20759198E-02  0.
   174  7.40000010E-01  0.00000000E+00  0.00000000E+00  0.00000000E+00  4.32845324E-02  0.
   175  7.50000000E-01  0.00000000E+00  0.00000000E+00  0.00000000E+00  4.45095820E-02  0.
   176  7.59999990E-01  0.00000000E+00  0.00000000E+00  0.00000000E+00  4.57510464E-02  0.
   177  7.69999981E-01  0.00000000E+00  0.00000000E+00  0.00000000E+00  4.70089243E-02  0.
   178  7.79999971E-01  0.00000000E+00  0.00000000E+00  0.00000000E+00  4.82831966E-02  0.
   179  7.90000021E-01  0.00000000E+00  0.00000000E+00  0.00000000E+00  4.95738540E-02  0.
   180  8.00000012E-01  0.00000000E+00  0.00000000E+00  0.00000000E+00  5.08808739E-02  0.
   181  8.10000002E-01  0.00000000E+00  0.00000000E+00  0.00000000E+00  5.22042456E-02  0.
   182  8.19999993E-01  0.00000000E+00  0.00000000E+00  0.00000000E+00  5.35439614E-02  0.
   183  8.29999983E-01  0.00000000E+00  0.00000000E+00  0.00000000E+00  5.49000128E-02  0.
   184  8.39999974E-01  0.00000000E+00  0.00000000E+00  0.00000000E+00  5.62723750E-02  0.
   185  8.50000024E-01  0.00000000E+00  0.00000000E+00  0.00000000E+00  5.76610542E-02  0.
   186  8.60000014E-01  0.00000000E+00  0.00000000E+00  0.00000000E+00  5.90660162E-02  0.
   187  8.70000005E-01  0.00000000E+00  0.00000000E+00  0.00000000E+00  6.04872500E-02  0.
   188  8.79999995E-01  0.00000000E+00  0.00000000E+00  0.00000000E+00  6.19247392E-02  0.
   189  8.89999986E-01  0.00000000E+00  0.00000000E+00  0.00000000E+00  6.33784745E-02  0.
   190  8.99999976E-01  0.00000000E+00  0.00000000E+00  0.00000000E+00  6.48484350E-02  0.
   191  9.10000026E-01  0.00000000E+00  0.00000000E+00  0.00000000E+00  6.63345778E-02  0.
   192  9.20000017E-01  0.00000000E+00  0.00000000E+00  0.00000000E+00  6.78369992E-02  0.
   193  9.30000007E-01  0.00000000E+00  0.00000000E+00  0.00000000E+00  6.93555962E-02  0.
   194  9.39999998E-01  0.00000000E+00  0.00000000E+00  0.00000000E+00  7.08903704E-02  0.
   195  9.49999988E-01  0.00000000E+00  0.00000000E+00  0.00000000E+00  7.24413108E-02  0.
   196  9.59999979E-01  0.00000000E+00  0.00000000E+00  0.00000000E+00  7.40083864E-02  0.
   197  9.70000029E-01  0.00000000E+00  0.00000000E+00  0.00000000E+00  7.55916328E-02  0.
   198  9.80000019E-01  0.00000000E+00  0.00000000E+00  0.00000000E+00  7.71909353E-02  0.
   199  9.90000010E-01  0.00000000E+00  0.00000000E+00  0.00000000E+00  7.88064743E-02  0.
