STEP   1 TIME  1.00000000E+00
     1 -9.90000010E-01  0.00000000E+00  0.00000000E+00  0.00000000E+00  8.09688949E-02  0.
     2 -9.80000019E-01  0.00000000E+00  0.00000000E+00  0.00000000E+00  7.93491801E-02  0.
     3 -9.70000029E-01  0.00000000E+00  0.00000000E+00  0.00000000E+00  7.77454886E-02  0.
     4 -9.59999979E-01  0.00000000E+00  0.00000000E+00  0.00000000E+00  7.61578182E-02  0.
     5 -9.49999988E-01  0.00000000E+00  0.00000000E+00  0.00000000E+00  7.45862015E-02  0.
     6 -9.39999998E-01  0.00000000E+00  0.00000000E+00  0.00000000E+00  7.30306429E-02  0.
     7 -9.30000007E-01  0.00000000E+00  0.00000000E+00  0.00000000E+00  7.14911708E-02  0.
     8 -9.20000017E-01  0.00000000E+00  0.00000000E+00  0.00000000E+00  6.99677918E-02  0.
     9 -9.10000026E-01  0.00000000E+00  0.00000000E+00  0.00000000E+00  6.84605167E-02  0.
    10 -8.99999976E-01  0.00000000E+00  0.00000000E+00  0.00000000E+00  6.69693391E-02  0.
    11 -8.89999986E-01  0.00000000E+00  0.00000000E+00  0.00000000E+00  6.54942919E-02  0.
    12 -8.79999995E-01  0.00000000E+00  0.00000000E+00  0.00000000E+00  6.40353737E-02  0.
    13 -8.70000005E-01  0.00000000E+00  0.00000000E+00  0.00000000E+00  6.25926018E-02  0.
    14 -8.60000014E-01  0.00000000E+00  0.00000000E+00  0.00000000E+00  6.11660021E-02  0.
    15 -8.50000024E-01  0.00000000E+00  0.00000000E+00  0.00000000E+00  5.97555293E-02  0.
    16 -8.39999974E-01  0.00000000E+00  0.00000000E+00  0.00000000E+00  5.83613120E-02  0.
    17 -8.29999983E-01  0.00000000E+00  0.00000000E+00  0.00000000E+00  5.69832635E-02  0.
    18 -8.19999993E-01  0.00000000E+00  0.00000000E+00  0.00000000E+00  5.56214134E-02  0.
    19 -8.10000002E-01  0.00000000E+00  0.00000000E+00  0.00000000E+00  5.42757737E-02  0.
    20 -8.00000012E-01  0.00000000E+00  0.00000000E+00  0.00000000E+00  5.29463608E-02  0.
    21 -7.90000021E-01  0.00000000E+00  0.00000000E+00  0.00000000E+00  5.16331808E-02  0.
    22 -7.79999971E-01  0.00000000E+00  0.00000000E+00  0.00000000E+00  5.03362417E-02  0.
    23 -7.69999981E-01  0.00000000E+00  0.00000000E+00  0.00000000E+00  4.90555683E-02  0.
    24 -7.59999990E-01  0.00000000E+00  0.00000000E+00  0.00000000E+00  4.77911692E-02  0.
    25 -7.50000000E-01  0.00000000E+00  0.00000000E+00  0.00000000E+00  4.65430510E-02  0.
    26 -7.40000010E-01  0.00000000E+00  0.00000000E+00  0.00000000E+00  4.53112204E-02  0.
    27 -7.30000019E-01  0.00000000E+00  0.00000000E+00  0.00000000E+00  4.40956968E-02  0.
    28 -7.20000029E-01  0.00000000E+00  0.00000000E+00  0.00000000E+00  4.28964816E-02  0.
    29 -7.09999979E-01  0.00000000E+00  0.00000000E+00  0.00000000E+00  4.17135779E-02  0.
    30 -6.99999988E-01  0.00000000E+00  0.00000000E+00  0.00000000E+00  4.05470080E-02  0.
    31 -6.89999998E-01  0.00000000E+00  0.00000000E+00  0.00000000E+00  3.93967772E-02  0.
    32 -6.80000007E-01  0.00000000E+00  0.00000000E+00  0.00000000E+00  3.82628932E-02  0.
    33 -6.70000017E-01  0.00000000E+00  0.00000000E+00  0.00000000E+00  3.71453676E-02  0.
    34 -6.60000026E-01  0.00000000E+00  0.00000000E+00  0.00000000E+00  3.60442056E-02  0.
    35 -6.49999976E-01  0.00000000E+00  0.00000000E+00  0.00000000E+00  3.49594150E-02  0.
    36 -6.39999986E-01  0.00000000E+00  0.00000000E+00  0.00000000E+00  3.38910172E-02  0.
    37 -6.29999995E-01  0.00000000E+00  0.00000000E+00  0.00000000E+00  3.28390118E-02  0.
    38 -6.20000005E-01  0.00000000E+00  0.00000000E+00  0.00000000E+00  3.18034076E-02  0.
    39 -6.10000014E-01  0.00000000E+00  0.00000000E+00  0.00000000E+00  3.07842223E-02  0.
    40 -6.00000024E-01  0.00000000E+00  0.00000000E+00  0.00000000E+00  2.97814615E-02  0.
    41 -5.89999974E-01  0.00000000E+00  0.00000000E+00  0.00000000E+00  2.87951152E-02  0.
    42 -5.79999983E-01  0.00000000E+00  0.00000000E+00  0.00000000E+00  2.78252136E-02  0.
    43 -5.69999993E-01  0.00000000E+00  0.00000000E+00  0.00000000E+00  2.68717612E-02  0.
    44 -5.60000002E-01  0.00000000E+00  0.00000000E+00  0.00000000E+00  2.59347635E-02  0.
    45 -5.50000012E-01  0.00000000E+00  0.00000000E+00  0.00000000E+00  2.50142229E-02  0.
    46 -5.40000021E-01  0.00000000E+00  0.00000000E+00  0.00000000E+00  2.41101568E-02  0.
    47 -5.29999971E-01  0.00000000E+00  0.00000000E+00  0.00000000E+00  2.32225601E-02  0.
    48 -5.19999981E-01  0.00000000E+00  0.00000000E+00  0.00000000E+00  2.23514564E-02  0.
    49 -5.09999990E-01  0.00000000E+00  0.00000000E+00  0.00000000E+00  2.14968440E-02  0.
    50 -5.00000000E-01  0.00000000E+00  0.00000000E+00  0.00000000E+00  2.06587324E-02  0.
    51 -4.90000010E-01  0.00000000E+00  0.00000000E+00  0.00000000E+00  1.98371275E-02  0.
    52 -4.79999989E-01  0.00000000E+00  0.00000000E+00  0.00000000E+00  1.90320359E-02  0.
    53 -4.69999999E-01  0.00000000E+00  0.00000000E+00  0.00000000E+00  1.82434671E-02  0.
    54 -4.60000008E-01  0.00000000E+00  0.00000000E+00  0.00000000E+00  1.74714275E-02  0.
    55 -4.49999988E-01  0.00000000E+00  0.00000000E+00  0.00000000E+00  1.67159227E-02  0.
    56 -4.39999998E-01  0.00000000E+00  0.00000000E+00  0.00000000E+00  1.59769616E-02  0.
    57 -4.30000007E-01  0.00000000E+00  0.00000000E+00  0.00000000E+00  1.52545513E-02  0.
    58 -4.19999987E-01  0.00000000E+00  0.00000000E+00  0.00000000E+00  1.45486951E-02  0.
    59 -4.09999996E-01  0.00000000E+00  0.00000000E+00  0.00000000E+00  1.38594036E-02  0.
    60 -4.00000006E-01  0.00000000E+00  0.00000000E+00  0.00000000E+00  1.31866815E-02  0.
    61 -3.89999986E-01  0.00000000E+00  0.00000000E+00  0.00000000E+00  1.25305345E-02  0.
    62 -3.79999995E-01  0.00000000E+00  0.00000000E+00  0.00000000E+00  1.18909705E-02  0.
    63 -3.70000005E-01  0.00000000E+00  0.00000000E+00  0.00000000E+00  1.12679967E-02  0.
    64 -3.60000014E-01  0.00000000E+00  0.00000000E+00  0.00000000E+00  1.06616178E-02  0.
    65 -3.49999994E-01  0.00000000E+00  0.00000000E+00  0.00000000E+00  1.00718386E-02  0.
    66 -3.40000004E-01  0.00000000E+00  0.00000000E+00  0.00000000E+00  9.49866890E-03  0.
    67 -3.30000013E-01  0.00000000E+00  0.00000000E+00  0.00000000E+00  8.94211311E-03  0.
    68 -3.19999993E-01  0.00000000E+00  0.00000000E+00  0.00000000E+00  8.40217575E-03  0.
    69 -3.10000002E-01  0.00000000E+00  0.00000000E+00  0.00000000E+00  7.87886740E-03  0.
    70 -3.00000012E-01  0.00000000E+00  0.00000000E+00  0.00000000E+00  7.37219260E-03  0.
    71 -2.89999992E-01  0.00000000E+00  0.00000000E+00  0.00000000E+00  6.88215606E-03  0.
    72 -2.80000001E-01  0.00000000E+00  0.00000000E+00  0.00000000E+00  6.40876709E-03  0.
    73 -2.70000011E-01  0.00000000E+00  0.00000000E+00  0.00000000E+00  5.95203157E-03  0.
    74 -2.59999990E-01  0.00000000E+00  0.00000000E+00  0.00000000E+00  5.51195580E-03  0.
    75 -2.50000000E-01  0.00000000E+00  0.00000000E+00  0.00000000E+00  5.08854762E-03  0.
    76 -2.39999995E-01  0.00000000E+00  0.00000000E+00  0.00000000E+00  4.68181349E-03  0.
    77 -2.30000004E-01  0.00000000E+00  0.00000000E+00  0.00000000E+00  4.29176023E-03  0.
    78 -2.19999999E-01  0.00000000E+00  0.00000000E+00  0.00000000E+00  3.91840071E-03  0.
    79 -2.09999993E-01  0.00000000E+00  0.00000000E+00  0.00000000E+00  3.56173767E-03  0.
    80 -2.00000003E-01  0.00000000E+00  0.00000000E+00  0.00000000E+00  3.22178264E-03  0.
    81 -1.89999998E-01  0.00000000E+00  0.00000000E+00  0.00000000E+00  2.89854458E-03  0.
    82 -1.80000007E-01  0.00000000E+00  0.00000000E+00  0.00000000E+00  2.59203608E-03  0.
    83 -1.70000002E-01  0.00000000E+00  0.00000000E+00  0.00000000E+00  2.30226832E-03  0.
    84 -1.59999996E-01  0.00000000E+00  0.00000000E+00  0.00000000E+00  2.02925631E-03  0.
    85 -1.50000006E-01  0.00000000E+00  0.00000000E+00  0.00000000E+00  1.77301673E-03  0.
    86 -1.40000001E-01  0.00000000E+00  0.00000000E+00  0.00000000E+00  1.53356822E-03  0.
    87 -1.29999995E-01  0.00000000E+00  0.00000000E+00  0.00000000E+00  1.31093430E-03  0.
    88 -1.19999997E-01  0.00000000E+00  0.00000000E+00  0.00000000E+00  1.10514321E-03  0.
    89 -1.09999999E-01  0.00000000E+00  0.00000000E+00  0.00000000E+00  9.16229748E-04  0.
    90 -1.00000001E-01  0.00000000E+00  0.00000000E+00  0.00000000E+00  7.44238685E-04  0.
    91 -9.00000036E-02  0.00000000E+00  0.00000000E+00  0.00000000E+00  5.89228891E-04  0.
    92 -7.99999982E-02  0.00000000E+00  0.00000000E+00  0.00000000E+00  4.51280170E-04  0.
    93 -7.00000003E-02  0.00000000E+00  0.00000000E+00  0.00000000E+00  3.30505630E-04  0.
    94 -5.99999987E-02  0.00000000E+00  0.00000000E+00  0.00000000E+00  2.27076438E-04  0.
    95 -5.00000007E-02  0.00000000E+00  0.00000000E+00  0.00000000E+00  1.41256666E-04  0.
    96 -3.99999991E-02  0.00000000E+00  0.00000000E+00  0.00000000E+00  7.35692338E-05  0.
    97 -2.99999993E-02  0.00000000E+00  0.00000000E+00  0.00000000E+00  2.48682730E-05  0.
    98 -1.99999996E-02  3.97303580E+01  7.63437706E-01  0.00000000E+00 -1.98651790E-07  1.
    99 -9.99999978E-03  1.41682085E+02  6.01127899E-02  0.00000000E+00 -7.08410424E-07  1.
   100  0.00000000E+00  1.73635166E+02 -3.08585227E-13  0.00000000E+00 -8.68175828E-07  1.
   101  9.99999978E-03  1.41682085E+02 -6.01127899E-02  0.00000000E+00 -7.08410424E-07  1.
   102  1.99999996E-02  3.97303580E+01 -7.63437706E-01  0.00000000E+00 -1.98651790E-07  1.
   103  2.99999993E-02  0.00000000E+00  0.00000000E+00  0.00000000E+00  2.48682730E-05  0.
   104  3.99999991E-02  0.00000000E+00  0.00000000E+00  0.00000000E+00  7.35692338E-05  0.
   105  5.00000007E-02  0.00000000E+00  0.00000000E+00  0.00000000E+00  1.41256666E-04  0.
   106  5.99999987E-02  0.00000000E+00  0.00000000E+00  0.00000000E+00  2.27076438E-04  0.
   107  7.00000003E-02  0.00000000E+00  0.00000000E+00  0.00000000E+00  3.30505630E-04  0.
   108  7.99999982E-02  0.00000000E+00  0.00000000E+00  0.00000000E+00  4.51280170E-04  0.
   109  9.00000036E-02  0.00000000E+00  0.00000000E+00  0.00000000E+00  5.89228891E-04  0.
   110  1.00000001E-01  0.00000000E+00  0.00000000E+00  0.00000000E+00  7.44238685E-04  0.
   111  1.09999999E-01  0.00000000E+00  0.00000000E+00  0.00000000E+00  9.16229748E-04  0.
   112  1.19999997E-01  0.00000000E+00  0.00000000E+00  0.00000000E+00  1.10514321E-03  0.
   113  1.29999995E-01  0.00000000E+00  0.00000000E+00  0.00000000E+00  1.31093430E-03  0.
   114  1.40000001E-01  0.00000000E+00  0.00000000E+00  0.00000000E+00  1.53356822E-03  0.
   115  1.50000006E-01  0.00000000E+00  0.00000000E+00  0.00000000E+00  1.77301673E-03  0.
   116  1.59999996E-01  0.00000000E+00  0.00000000E+00  0.00000000E+00  2.02925631E-03  0.
   117  1.70000002E-01  0.00000000E+00  0.00000000E+00  0.00000000E+00  2.30226832E-03  0.
   118  1.80000007E-01  0.00000000E+00  0.00000000E+00  0.00000000E+00  2.59203608E-03  0.
   119  1.89999998E-01  0.00000000E+00  0.00000000E+00  0.00000000E+00  2.89854458E-03  0.
   120  2.00000003E-01  0.00000000E+00  0.00000000E+00  0.00000000E+00  3.22178264E-03  0.
   121  2.09999993E-01  0.00000000E+00  0.00000000E+00  0.00000000E+00  3.56173767E-03  0.
   122  2.19999999E-01  0.00000000E+00  0.00000000E+00  0.00000000E+00  3.91840071E-03  0.
   123  2.30000004E-01  0.00000000E+00  0.00000000E+00  0.00000000E+00  4.29176023E-03  0.
   124  2.39999995E-01  0.00000000E+00  0.00000000E+00  0.00000000E+00  4.68181349E-03  0.
   125  2.50000000E-01  0.00000000E+00  0.00000000E+00  0.00000000E+00  5.08854762E-03  0.
   126  2.59999990E-01  0.00000000E+00  0.00000000E+00  0.00000000E+00  5.51195580E-03  0.
   127  2.70000011E-01  0.00000000E+00  0.00000000E+00  0.00000000E+00  5.95203157E-03  0.
   128  2.80000001E-01  0.00000000E+00  0.00000000E+00  0.00000000E+00  6.40876709E-03  0.
   129  2.89999992E-01  0.00000000E+00  0.00000000E+00  0.00000000E+00  6.88215606E-03  0.
   130  3.00000012E-01  0.00000000E+00  0.00000000E+00  0.00000000E+00  7.37219260E-03  0.
   131  3.10000002E-01  0.00000000E+00  0.00000000E+00  0.00000000E+00  7.87886740E-03  0.
   132  3.19999993E-01  0.00000000E+00  0.00000000E+00  0.00000000E+00  8.40217575E-03  0.
   133  3.30000013E-01  0.00000000E+00  0.00000000E+00  0.00000000E+00  8.94211311E-03  0.
   134  3.40000004E-01  0.00000000E+00  0.00000000E+00  0.00000000E+00  9.49866890E-03  0.
   135  3.49999994E-01  0.00000000E+00  0.00000000E+00  0.00000000E+00  1.00718386E-02  0.
   136  3.60000014E-01  0.00000000E+00  0.00000000E+00  0.00000000E+00  1.06616178E-02  0.
   137  3.70000005E-01  0.00000000E+00  0.00000000E+00  0.00000000E+00  1.12679967E-02  0.
   138  3.79999995E-01  0.00000000E+00  0.00000000E+00  0.00000000E+00  1.18909705E-02  0.
   139  3.89999986E-01  0.00000000E+00  0.00000000E+00  0.00000000E+00  1.25305345E-02  0.
   140  4.00000006E-01  0.00000000E+00  0.00000000E+00  0.00000000E+00  1.31866815E-02  0.
   141  4.09999996E-01  0.00000000E+00  0.00000000E+00  0.00000000E+00  1.38594036E-02  0.
   142  4.19999987E-01  0.00000000E+00  0.00000000E+00  0.00000000E+00  1.45486951E-02  0.
   143  4.30000007E-01  0.00000000E+00  0.00000000E+00  0.00000000E+00  1.52545513E-02  0.
   144  4.39999998E-01  0.00000000E+00  0.00000000E+00  0.00000000E+00  1.59769616E-02  0.
   145  4.49999988E-01  0.00000000E+00  0.00000000E+00  0.00000000E+00  1.67159227E-02  0.
   146  4.60000008E-01  0.00000000E+00  0.00000000E+00  0.00000000E+00  1.74714275E-02  0.
   147  4.69999999E-01  0.00000000E+00  0.00000000E+00  0.00000000E+00  1.82434671E-02  0.
   148  4.79999989E-01  0.00000000E+00  0.00000000E+00  0.00000000E+00  1.90320359E-02  0.
   149  4.90000010E-01  0.00000000E+00  0.00000000E+00  0.00000000E+00  1.98371275E-02  0.
   150  5.00000000E-01  0.00000000E+00  0.00000000E+00  0.00000000E+00  2.06587324E-02  0.
   151  5.09999990E-01  0.00000000E+00  0.00000000E+00  0.00000000E+00  2.14968440E-02  0.
   152  5.19999981E-01  0.00000000E+00  0.00000000E+00  0.00000000E+00  2.23514564E-02  0.
   153  5.29999971E-01  0.00000000E+00  0.00000000E+00  0.00000000E+00  2.32225601E-02  0.
   154  5.40000021E-01  0.00000000E+00  0.00000000E+00  0.00000000E+00  2.41101568E-02  0.
   155  5.50000012E-01  0.00000000E+00  0.00000000E+00  0.00000000E+00  2.50142229E-02  0.
   156  5.60000002E-01  0.00000000E+00  0.00000000E+00  0.00000000E+00  2.59347635E-02  0.
   157  5.69999993E-01  0.00000000E+00  0.00000000E+00  0.00000000E+00  2.68717612E-02  0.
   158  5.79999983E-01  0.00000000E+00  0.00000000E+00  0.00000000E+00  2.78252136E-02  0.
   159  5.89999974E-01  0.00000000E+00  0.00000000E+00  0.00000000E+00  2.87951152E-02  0.
   160  6.00000024E-01  0.00000000E+00  0.00000000E+00  0.00000000E+00  2.97814669E-02  0.
   161  6.10000014E-01  0.00000000E+00  0.00000000E+00  0.00000000E+00  3.07842087E-02  0.
   162  6.20000005E-01  0.00000000E+00  0.00000000E+00  0.00000000E+00  3.18034076E-02  0.
   163  6.29999995E-01  0.00000000E+00  0.00000000E+00  0.00000000E+00  3.28390118E-02  0.
   164  6.39999986E-01  0.00000000E+00  0.00000000E+00  0.00000000E+00  3.38910172E-02  0.
   165  6.49999976E-01  0.00000000E+00  0.00000000E+00  0.00000000E+00  3.49594150E-02  0.
   166  6.60000026E-01  0.00000000E+00  0.00000000E+00  0.00000000E+00  3.60442056E-02  0.
   167  6.70000017E-01  0.00000000E+00  0.00000000E+00  0.00000000E+00  3.71453676E-02  0.
   168  6.80000007E-01  0.00000000E+00  0.00000000E+00  0.00000000E+00  3.82628932E-02  0.
   169  6.89999998E-01  0.00000000E+00  0.00000000E+00  0.00000000E+00  3.93967772E-02  0.
   170  6.99999988E-01  0.00000000E+00  0.00000000E+00  0.00000000E+00  4.05470080E-02  0.
   171  7.09999979E-01  0.00000000E+00  0.00000000E+00  0.00000000E+00  4.17135779E-02  0.
   172  7.20000029E-01  0.00000000E+00  0.00000000E+00  0.00000000E+00  4.28964816E-02  0.
   173  7.30000019E-01  0.00000000E+00  0.00000000E+00  0.00000000E+00  4.40956968E-02  0.
   174  7.40000010E-01  0.00000000E+00  0.00000000E+00  0.00000000E+00  4.53112204E-02  0.
   175  7.50000000E-01  0.00000000E+00  0.00000000E+00  0.00000000E+00  4.65430510E-02  0.
   176  7.59999990E-01  0.00000000E+00  0.00000000E+00  0.00000000E+00  4.77911692E-02  0.
   177  7.69999981E-01  0.00000000E+00  0.00000000E+00  0.00000000E+00  4.90555683E-02  0.
   178  7.79999971E-01  0.00000000E+00  0.00000000E+00  0.00000000E+00  5.03362417E-02  0.
   179  7.90000021E-01  0.00000000E+00  0.00000000E+00  0.00000000E+00  5.16331808E-02  0.
   180  8.00000012E-01  0.00000000E+00  0.00000000E+00  0.00000000E+00  5.29463608E-02  0.
   181  8.10000002E-01  0.00000000E+00  0.00000000E+00  0.00000000E+00  5.42757737E-02  0.
   182  8.19999993E-01  0.00000000E+00  0.00000000E+00  0.00000000E+00  5.56214134E-02  0.
   183  8.29999983E-01  0.00000000E+00  0.00000000E+00  0.00000000E+00  5.69832635E-02  0.
   184  8.39999974E-01  0.00000000E+00  0.00000000E+00  0.00000000E+00  5.83613120E-02  0.
   185  8.50000024E-01  0.00000000E+00  0.00000000E+00  0.00000000E+00  5.97555473E-02  0.
   186  8.60000014E-01  0.00000000E+00  0.00000000E+00  0.00000000E+00  6.11659950E-02  0.
   187  8.70000005E-01  0.00000000E+00  0.00000000E+00  0.00000000E+00  6.25926018E-02  0.
   188  8.79999995E-01  0.00000000E+00  0.00000000E+00  0.00000000E+00  6.40353737E-02  0.
   189  8.89999986E-01  0.00000000E+00  0.00000000E+00  0.00000000E+00  6.54942919E-02  0.
   190  8.99999976E-01  0.00000000E+00  0.00000000E+00  0.00000000E+00  6.69693391E-02  0.
   191  9.10000026E-01  0.00000000E+00  0.00000000E+00  0.00000000E+00  6.84605167E-02  0.
   192  9.20000017E-01  0.00000000E+00  0.00000000E+00  0.00000000E+00  6.99677918E-02  0.
   193  9.30000007E-01  0.00000000E+00  0.00000000E+00  0.00000000E+00  7.14911708E-02  0.
   194  9.39999998E-01  0.00000000E+00  0.00000000E+00  0.00000000E+00  7.30306429E-02  0.
   195  9.49999988E-01  0.00000000E+00  0.00000000E+00  0.00000000E+00  7.45862015E-02  0.
   196  9.59999979E-01  0.00000000E+00  0.00000000E+00  0.00000000E+00  7.61578182E-02  0.
   197  9.70000029E-01  0.00000000E+00  0.00000000E+00  0.00000000E+00  7.77454886E-02  0.
   198  9.80000019E-01  0.00000000E+00  0.00000000E+00  0.00000000E+00  7.93491801E-02  0.
   199  9.90000010E-01  0.00000000E+00  0.00000000E+00  0.00000000E+00  8.09688949E-02  0.
STEP   2 TIME  2.00000000E+00
     1 -9.90000010E-01  0.00000000E+00  0.00000000E+00  0.00000000E+00  7.86854970E-02  0.
     2 -9.80000019E-01  0.00000000E+00  0.00000000E+00  0.00000000E+00  7.70715589E-02  0.
     3 -9.70000029E-01  0.00000000E+00  0.00000000E+00  0.00000000E+00  7.54737450E-02  0.
     4 -9.59999979E-01  0.00000000E+00  0.00000000E+00  0.00000000E+00  7.38920264E-02  0.
     5 -9.49999988E-01  0.00000000E+00  0.00000000E+00  0.00000000E+00  7.23264644E-02  0.
     6 -9.39999998E-01  0.00000000E+00  0.00000000E+00  0.00000000E+00  7.07770524E-02  0.
     7 -9.30000007E-01  0.00000000E+00  0.00000000E+00  0.00000000E+00  6.92438127E-02  0.
     8 -9.20000017E-01  0.00000000E+00  0.00000000E+00  0.00000000E+00  6.77267422E-02  0.
     9 -9.10000026E-01  0.00000000E+00  0.00000000E+00  0.00000000E+00  6.62258559E-02  0.
    10 -8.99999976E-01  0.00000000E+00  0.00000000E+00  0.00000000E+00  6.47411585E-02  0.
    11 -8.89999986E-01  0.00000000E+00  0.00000000E+00  0.00000000E+00  6.32726863E-02  0.
    12 -8.79999995E-01  0.00000000E+00  0.00000000E+00  0.00000000E+00  6.18204483E-02  0.
    13 -8.70000005E-01  0.00000000E+00  0.00000000E+00  0.00000000E+00  6.03844409E-02  0.
    14 -8.60000014E-01  0.00000000E+00  0.00000000E+00  0.00000000E+00  5.89647542E-02  0.
    15 -8.50000024E-01  0.00000000E+00  0.00000000E+00  0.00000000E+00  5.75613006E-02  0.
    16 -8.39999974E-01  0.00000000E+00  0.00000000E+00  0.00000000E+00  5.61741218E-02  0.
    17 -8.29999983E-01  0.00000000E+00  0.00000000E+00  0.00000000E+00  5.48032491E-02  0.
    18 -8.19999993E-01  0.00000000E+00  0.00000000E+00  0.00000000E+00  5.34486838E-02  0.
    19 -8.10000002E-01  0.00000000E+00  0.00000000E+00  0.00000000E+00  5.21104402E-02  0.
    20 -8.00000012E-01  0.00000000E+00  0.00000000E+00  0.00000000E+00  5.07885355E-02  0.
    21 -7.90000021E-01  0.00000000E+00  0.00000000E+00  0.00000000E+00  4.94829866E-02  0.
    22 -7.79999971E-01  0.00000000E+00  0.00000000E+00  0.00000000E+00  4.81938008E-02  0.
    23 -7.69999981E-01  0.00000000E+00  0.00000000E+00  0.00000000E+00  4.69210001E-02  0.
    24 -7.59999990E-01  0.00000000E+00  0.00000000E+00  0.00000000E+00  4.56645961E-02  0.
    25 -7.50000000E-01  0.00000000E+00  0.00000000E+00  0.00000000E+00  4.44246031E-02  0.
    26 -7.40000010E-01  0.00000000E+00  0.00000000E+00  0.00000000E+00  4.32010252E-02  0.
    27 -7.30000019E-01  0.00000000E+00  0.00000000E+00  0.00000000E+00  4.19938797E-02  0.
    28 -7.20000029E-01  0.00000000E+00  0.00000000E+00  0.00000000E+00  4.08031797E-02  0.
    29 -7.09999979E-01  0.00000000E+00  0.00000000E+00  0.00000000E+00  3.96289320E-02  0.
    30 -6.99999988E-01  0.00000000E+00  0.00000000E+00  0.00000000E+00  3.84711618E-02  0.
    31 -6.89999998E-01  0.00000000E+00  0.00000000E+00  0.00000000E+00  3.73298792E-02  0.
    32 -6.80000007E-01  0.00000000E+00  0.00000000E+00  0.00000000E+00  3.62050955E-02  0.
    33 -6.70000017E-01  0.00000000E+00  0.00000000E+00  0.00000000E+00  3.50968270E-02  0.
    34 -6.60000026E-01  0.00000000E+00  0.00000000E+00  0.00000000E+00  3.40050822E-02  0.
    35 -6.49999976E-01  0.00000000E+00  0.00000000E+00  0.00000000E+00  3.29298831E-02  0.
    36 -6.39999986E-01  0.00000000E+00  0.00000000E+00  0.00000000E+00  3.18712573E-02  0.
    37 -6.29999995E-01  0.00000000E+00  0.00000000E+00  0.00000000E+00  3.08291770E-02  0.
    38 -6.20000005E-01  0.00000000E+00  0.00000000E+00  0.00000000E+00  2.98036874E-02  0.
    39 -6.10000014E-01  0.00000000E+00  0.00000000E+00  0.00000000E+00  2.87948008E-02  0.
    40 -6.00000024E-01  0.00000000E+00  0.00000000E+00  0.00000000E+00  2.78025242E-02  0.
    41 -5.89999974E-01  0.00000000E+00  0.00000000E+00  0.00000000E+00  2.68268709E-02  0.
    42 -5.79999983E-01  0.00000000E+00  0.00000000E+00  0.00000000E+00  2.58678654E-02  0.
    43 -5.69999993E-01  0.00000000E+00  0.00000000E+00  0.00000000E+00  2.49255186E-02  0.
    44 -5.60000002E-01  0.00000000E+00  0.00000000E+00  0.00000000E+00  2.39998450E-02  0.
    45 -5.50000012E-01  0.00000000E+00  0.00000000E+00  0.00000000E+00  2.30908563E-02  0.
    46 -5.40000021E-01  0.00000000E+00  0.00000000E+00  0.00000000E+00  2.21985757E-02  0.
    47 -5.29999971E-01  0.00000000E+00  0.00000000E+00  0.00000000E+00  2.13230068E-02  0.
    48 -5.19999981E-01  0.00000000E+00  0.00000000E+00  0.00000000E+00  2.04641830E-02  0.
    49 -5.09999990E-01  0.00000000E+00  0.00000000E+00  0.00000000E+00  1.96221128E-02  0.
    50 -5.00000000E-01  0.00000000E+00  0.00000000E+00  0.00000000E+00  1.87968158E-02  0.
    51 -4.90000010E-01  0.00000000E+00  0.00000000E+00  0.00000000E+00  1.79883087E-02  0.
    52 -4.79999989E-01  0.00000000E+00  0.00000000E+00  0.00000000E+00  1.71966095E-02  0.
    53 -4.69999999E-01  0.00000000E+00  0.00000000E+00  0.00000000E+00  1.64217404E-02  0.
    54 -4.60000008E-01  0.00000000E+00  0.00000000E+00  0.00000000E+00  1.56637207E-02  0.
    55 -4.49999988E-01  0.00000000E+00  0.00000000E+00  0.00000000E+00  1.49225699E-02  0.
    56 -4.39999998E-01  0.00000000E+00  0.00000000E+00  0.00000000E+00  1.41983123E-02  0.
    57 -4.30000007E-01  0.00000000E+00  0.00000000E+00  0.00000000E+00  1.34909706E-02  0.
    58 -4.19999987E-01  0.00000000E+00  0.00000000E+00  0.00000000E+00  1.28005659E-02  0.
    59 -4.09999996E-01  0.00000000E+00  0.00000000E+00  0.00000000E+00  1.21271272E-02  0.
    60 -4.00000006E-01  0.00000000E+00  0.00000000E+00  0.00000000E+00  1.14706793E-02  0.
    61 -3.89999986E-01  0.00000000E+00  0.00000000E+00  0.00000000E+00  1.08312495E-02  0.
    62 -3.79999995E-01  0.00000000E+00  0.00000000E+00  0.00000000E+00  1.02088694E-02  0.
    63 -3.70000005E-01  0.00000000E+00  0.00000000E+00  0.00000000E+00  9.60357148E-03  0.
    64 -3.60000014E-01  0.00000000E+00  0.00000000E+00  0.00000000E+00  9.01538832E-03  0.
    65 -3.49999994E-01  0.00000000E+00  0.00000000E+00  0.00000000E+00  8.44435490E-03  0.
    66 -3.40000004E-01  0.00000000E+00  0.00000000E+00  0.00000000E+00  7.89051409E-03  0.
    67 -3.30000013E-01  0.00000000E+00  0.00000000E+00  0.00000000E+00  7.35390657E-03  0.
    68 -3.19999993E-01  0.00000000E+00  0.00000000E+00  0.00000000E+00  6.83457727E-03  0.
    69 -3.10000002E-01  0.00000000E+00  0.00000000E+00  0.00000000E+00  6.33257975E-03  0.
    70 -3.00000012E-01  0.00000000E+00  0.00000000E+00  0.00000000E+00  5.84796664E-03  0.
    71 -2.89999992E-01  0.00000000E+00  0.00000000E+00  0.00000000E+00  5.38079713E-03  0.
    72 -2.80000001E-01  0.00000000E+00  0.00000000E+00  0.00000000E+00  4.93114478E-03  0.
    73 -2.70000011E-01  0.00000000E+00  0.00000000E+00  0.00000000E+00  4.49908061E-03  0.
    74 -2.59999990E-01  0.00000000E+00  0.00000000E+00  0.00000000E+00  4.08468687E-03  0.
    75 -2.50000000E-01  0.00000000E+00  0.00000000E+00  0.00000000E+00  3.68806106E-03  0.
    76 -2.39999995E-01  0.00000000E+00  0.00000000E+00  0.00000000E+00  3.30930995E-03  0.
    77 -2.30000004E-01  0.00000000E+00  0.00000000E+00  0.00000000E+00  2.94855392E-03  0.
    78 -2.19999999E-01  0.00000000E+00  0.00000000E+00  0.00000000E+00  2.60593068E-03  0.
    79 -2.09999993E-01  0.00000000E+00  0.00000000E+00  0.00000000E+00  2.28161673E-03  0.
    80 -2.00000003E-01  0.00000000E+00  0.00000000E+00  0.00000000E+00  1.97579219E-03  0.
    81 -1.89999998E-01  0.00000000E+00  0.00000000E+00  0.00000000E+00  1.68868940E-03  0.
    82 -1.80000007E-01  0.00000000E+00  0.00000000E+00  0.00000000E+00  1.42058457E-03  0.
    83 -1.70000002E-01  0.00000000E+00  0.00000000E+00  0.00000000E+00  1.17182044E-03  0.
    84 -1.59999996E-01  0.00000000E+00  0.00000000E+00  0.00000000E+00  9.42813500E-04  0.
    85 -1.50000006E-01  0.00000000E+00  0.00000000E+00  0.00000000E+00  7.34131935E-04  0.
    86 -1.40000001E-01  0.00000000E+00  0.00000000E+00  0.00000000E+00  5.46447971E-04  0.
    87 -1.29999995E-01  0.00000000E+00  0.00000000E+00  0.00000000E+00  3.80881743E-04  0.
    88 -1.19999997E-01  0.00000000E+00  0.00000000E+00  0.00000000E+00  2.38610046E-04  0.
    89 -1.09999999E-01  0.00000000E+00  0.00000000E+00  0.00000000E+00  1.22748154E-04  0.
    90 -1.00000001E-01  0.00000000E+00  0.00000000E+00  0.00000000E+00  3.55664585E-05  0.
    91 -9.00000036E-02  1.53584625E+02  1.80114578E+00  0.00000000E+00 -7.67923126E-07  1.
    92 -7.99999982E-02  3.91393038E+02  3.16438065E+00  0.00000000E+00 -1.95696519E-06  1.
    93 -7.00000003E-02  5.33988173E+02  3.94684748E+00  0.00000000E+00 -2.66994086E-06  1.
    94 -5.99999987E-02  6.27217351E+02  1.34610611E+00  3.49936254E-07 -3.13608675E-06  1.
    95 -5.00000007E-02  6.97253116E+02  1.52390146E+00  0.00000000E+00 -3.48626558E-06  1.
    96 -3.99999991E-02  7.49310871E+02  1.48234279E+00  0.00000000E+00 -3.74655436E-06  1.
    97 -2.99999993E-02  7.87525482E+02  1.54091553E+00  0.00000000E+00 -3.93762741E-06  1.
    98 -1.99999996E-02  8.13685290E+02  1.23780037E+00  0.00000000E+00 -4.06842645E-06  1.
    99 -9.99999978E-03  8.28989271E+02  2.82239549E-01  0.00000000E+00 -4.14494635E-06  1.
   100  0.00000000E+00  8.34029096E+02  1.81041688E-13  0.00000000E+00 -4.17014548E-06  1.
   101  9.99999978E-03  8.28989271E+02 -2.82239549E-01  0.00000000E+00 -4.14494635E-06  1.
   102  1.99999996E-02  8.13685290E+02 -1.23780037E+00  0.00000000E+00 -4.06842645E-06  1.
   103  2.99999993E-02  7.87525482E+02 -1.54091553E+00  0.00000000E+00 -3.93762741E-06  1.
   104  3.99999991E-02  7.49310871E+02 -1.48234279E+00  0.00000000E+00 -3.74655436E-06  1.
   105  5.00000007E-02  6.97253116E+02 -1.52390146E+00  0.00000000E+00 -3.48626558E-06  1.
   106  5.99999987E-02  6.27217351E+02 -1.34610611E+00  3.49936254E-07 -3.13608675E-06  1.
   107  7.00000003E-02  5.33988173E+02 -3.94684748E+00  0.00000000E+00 -2.66994086E-06  1.
   108  7.99999982E-02  3.91393038E+02 -3.16438065E+00  0.00000000E+00 -1.95696519E-06  1.
   109  9.00000036E-02  1.53584625E+02 -1.80114578E+00  0.00000000E+00 -7.67923126E-07  1.
   110  1.00000001E-01  0.00000000E+00  0.00000000E+00  0.00000000E+00  3.55664585E-05  0.
   111  1.09999999E-01  0.00000000E+00  0.00000000E+00  0.00000000E+00  1.22748154E-04  0.
   112  1.19999997E-01  0.00000000E+00  0.00000000E+00  0.00000000E+00  2.38610046E-04  0.
   113  1.29999995E-01  0.00000000E+00  0.00000000E+00  0.00000000E+00  3.80881743E-04  0.
   114  1.40000001E-01  0.00000000E+00  0.00000000E+00  0.00000000E+00  5.46447971E-04  0.
   115  1.50000006E-01  0.00000000E+00  0.00000000E+00  0.00000000E+00  7.34131935E-04  0.
   116  1.59999996E-01  0.00000000E+00  0.00000000E+00  0.00000000E+00  9.42813500E-04  0.
   117  1.70000002E-01  0.00000000E+00  0.00000000E+00  0.00000000E+00  1.17182044E-03  0.
   118  1.80000007E-01  0.00000000E+00  0.00000000E+00  0.00000000E+00  1.42058457E-03  0.
   119  1.89999998E-01  0.00000000E+00  0.00000000E+00  0.00000000E+00  1.68868940E-03  0.
   120  2.00000003E-01  0.00000000E+00  0.00000000E+00  0.00000000E+00  1.97579219E-03  0.
   121  2.09999993E-01  0.00000000E+00  0.00000000E+00  0.00000000E+00  2.28161673E-03  0.
   122  2.19999999E-01  0.00000000E+00  0.00000000E+00  0.00000000E+00  2.60593068E-03  0.
   123  2.30000004E-01  0.00000000E+00  0.00000000E+00  0.00000000E+00  2.94855392E-03  0.
   124  2.39999995E-01  0.00000000E+00  0.00000000E+00  0.00000000E+00  3.30930995E-03  0.
   125  2.50000000E-01  0.00000000E+00  0.00000000E+00  0.00000000E+00  3.68806106E-03  0.
   126  2.59999990E-01  0.00000000E+00  0.00000000E+00  0.00000000E+00  4.08468687E-03  0.
   127  2.70000011E-01  0.00000000E+00  0.00000000E+00  0.00000000E+00  4.49908061E-03  0.
   128  2.80000001E-01  0.00000000E+00  0.00000000E+00  0.00000000E+00  4.93114478E-03  0.
   129  2.89999992E-01  0.00000000E+00  0.00000000E+00  0.00000000E+00  5.38079713E-03  0.
   130  3.00000012E-01  0.00000000E+00  0.00000000E+00  0.00000000E+00  5.84796664E-03  0.
   131  3.10000002E-01  0.00000000E+00  0.00000000E+00  0.00000000E+00  6.33257975E-03  0.
   132  3.19999993E-01  0.00000000E+00  0.00000000E+00  0.00000000E+00  6.83457727E-03  0.
   133  3.30000013E-01  0.00000000E+00  0.00000000E+00  0.00000000E+00  7.35390657E-03  0.
   134  3.40000004E-01  0.00000000E+00  0.00000000E+00  0.00000000E+00  7.89051409E-03  0.
   135  3.49999994E-01  0.00000000E+00  0.00000000E+00  0.00000000E+00  8.44435490E-03  0.
   136  3.60000014E-01  0.00000000E+00  0.00000000E+00  0.00000000E+00  9.01538832E-03  0.
   137  3.70000005E-01  0.00000000E+00  0.00000000E+00  0.00000000E+00  9.60357148E-03  0.
   138  3.79999995E-01  0.00000000E+00  0.00000000E+00  0.00000000E+00  1.02088694E-02  0.
   139  3.89999986E-01  0.00000000E+00  0.00000000E+00  0.00000000E+00  1.08312495E-02  0.
   140  4.00000006E-01  0.00000000E+00  0.00000000E+00  0.00000000E+00  1.14706793E-02  0.
   141  4.09999996E-01  0.00000000E+00  0.00000000E+00  0.00000000E+00  1.21271272E-02  0.
   142  4.19999987E-01  0.00000000E+00  0.00000000E+00  0.00000000E+00  1.28005659E-02  0.
   143  4.30000007E-01  0.00000000E+00  0.00000000E+00  0.00000000E+00  1.34909706E-02  0.
   144  4.39999998E-01  0.00000000E+00  0.00000000E+00  0.00000000E+00  1.41983123E-02  0.
   145  4.49999988E-01  0.00000000E+00  0.00000000E+00  0.00000000E+00  1.49225699E-02  0.
   146  4.60000008E-01  0.00000000E+00  0.00000000E+00  0.00000000E+00  1.56637207E-02  0.
   147  4.69999999E-01  0.00000000E+00  0.00000000E+00  0.00000000E+00  1.64217404E-02  0.
   148  4.79999989E-01  0.00000000E+00  0.00000000E+00  0.00000000E+00  1.71966095E-02  0.
   149  4.90000010E-01  0.00000000E+00  0.00000000E+00  0.00000000E+00  1.79883087E-02  0.
   150  5.00000000E-01  0.00000000E+00  0.00000000E+00  0.00000000E+00  1.87968158E-02  0.
   151  5.09999990E-01  0.00000000E+00  0.00000000E+00  0.00000000E+00  1.96221128E-02  0.
   152  5.19999981E-01  0.00000000E+00  0.00000000E+00  0.00000000E+00  2.04641830E-02  0.
   153  5.29999971E-01  0.00000000E+00  0.00000000E+00  0.00000000E+00  2.13230068E-02  0.
   154  5.40000021E-01  0.00000000E+00  0.00000000E+00  0.00000000E+00  2.21985757E-02  0.
   155  5.50000012E-01  0.00000000E+00  0.00000000E+00  0.00000000E+00  2.30908563E-02  0.
   156  5.60000002E-01  0.00000000E+00  0.00000000E+00  0.00000000E+00  2.39998450E-02  0.
   157  5.69999993E-01  0.00000000E+00  0.00000000E+00  0.00000000E+00  2.49255186E-02  0.
   158  5.79999983E-01  0.00000000E+00  0.00000000E+00  0.00000000E+00  2.58678654E-02  0.
   159  5.89999974E-01  0.00000000E+00  0.00000000E+00  0.00000000E+00  2.68268709E-02  0.
   160  6.00000024E-01  0.00000000E+00  0.00000000E+00  0.00000000E+00  2.78025242E-02  0.
   161  6.10000014E-01  0.00000000E+00  0.00000000E+00  0.00000000E+00  2.87948008E-02  0.
   162  6.20000005E-01  0.00000000E+00  0.00000000E+00  0.00000000E+00  2.98036874E-02  0.
   163  6.29999995E-01  0.00000000E+00  0.00000000E+00  0.00000000E+00  3.08291770E-02  0.
   164  6.39999986E-01  0.00000000E+00  0.00000000E+00  0.00000000E+00  3.18712619E-02  0.
   165  6.49999976E-01  0.00000000E+00  0.00000000E+00  0.00000000E+00  3.29298715E-02  0.
   166  6.60000026E-01  0.00000000E+00  0.00000000E+00  0.00000000E+00  3.40050822E-02  0.
   167  6.70000017E-01  0.00000000E+00  0.00000000E+00  0.00000000E+00  3.50968270E-02  0.
   168  6.80000007E-01  0.00000000E+00  0.00000000E+00  0.00000000E+00  3.62050955E-02  0.
   169  6.89999998E-01  0.00000000E+00  0.00000000E+00  0.00000000E+00  3.73298792E-02  0.
   170  6.99999988E-01  0.00000000E+00  0.00000000E+00  0.00000000E+00  3.84711618E-02  0.
   171  7.09999979E-01  0.00000000E+00  0.00000000E+00  0.00000000E+00  3.96289320E-02  0.
   172  7.20000029E-01  0.00000000E+00  0.00000000E+00  0.00000000E+00  4.08031797E-02  0.
   173  7.30000019E-01  0.00000000E+00  0.00000000E+00  0.00000000E+00  4.19938797E-02  0.
   174  7.40000010E-01  0.00000000E+00  0.00000000E+00  0.00000000E+00  4.32010252E-02  0.
   175  7.50000000E-01  0.00000000E+00  0.00000000E+00  0.00000000E+00  4.44246031E-02  0.
   176  7.59999990E-01  0.00000000E+00  0.00000000E+00  0.00000000E+00  4.56645961E-02  0.
   177  7.69999981E-01  0.00000000E+00  0.00000000E+00  0.00000000E+00  4.69210001E-02  0.
   178  7.79999971E-01  0.00000000E+00  0.00000000E+00  0.00000000E+00  4.81938008E-02  0.
   179  7.90000021E-01  0.00000000E+00  0.00000000E+00  0.00000000E+00  4.94829866E-02  0.
   180  8.00000012E-01  0.00000000E+00  0.00000000E+00  0.00000000E+00  5.07885355E-02  0.
   181  8.10000002E-01  0.00000000E+00  0.00000000E+00  0.00000000E+00  5.21104402E-02  0.
   182  8.19999993E-01  0.00000000E+00  0.00000000E+00  0.00000000E+00  5.34486838E-02  0.
   183  8.29999983E-01  0.00000000E+00  0.00000000E+00  0.00000000E+00  5.48032491E-02  0.
   184  8.39999974E-01  0.00000000E+00  0.00000000E+00  0.00000000E+00  5.61741218E-02  0.
   185  8.50000024E-01  0.00000000E+00  0.00000000E+00  0.00000000E+00  5.75613006E-02  0.
   186  8.60000014E-01  0.00000000E+00  0.00000000E+00  0.00000000E+00  5.89647542E-02  0.
   187  8.70000005E-01  0.00000000E+00  0.00000000E+00  0.00000000E+00  6.03844406E-02  0.
   188  8.79999995E-01  0.00000000E+00  0.00000000E+00  0.00000000E+00  6.18204485E-02  0.
   189  8.89999986E-01  0.00000000E+00  0.00000000E+00  0.00000000E+00  6.32726863E-02  0.
   190  8.99999976E-01  0.00000000E+00  0.00000000E+00  0.00000000E+00  6.47411585E-02  0.
   191  9.10000026E-01  0.00000000E+00  0.00000000E+00  0.00000000E+00  6.62258559E-02  0.
   192  9.20000017E-01  0.00000000E+00  0.00000000E+00  0.00000000E+00  6.77267422E-02  0.
   193  9.30000007E-01  0.00000000E+00  0.00000000E+00  0.00000000E+00  6.92438127E-02  0.
   194  9.39999998E-01  0.00000000E+00  0.00000000E+00  0.00000000E+00  7.07770524E-02  0.
   195  9.49999988E-01  0.00000000E+00  0.00000000E+00  0.00000000E+00  7.23264644E-02  0.
   196  9.59999979E-01  0.00000000E+00  0.00000000E+00  0.00000000E+00  7.38920264E-02  0.
   197  9.70000029E-01  0.00000000E+00  0.00000000E+00  0.00000000E+00  7.54737450E-02  0.
   198  9.80000019E-01  0.00000000E+00  0.00000000E+00  0.00000000E+00  7.70715589E-02  0.
   199  9.90000010E-01  0.00000000E+00  0.00000000E+00  0.00000000E+00  7.86854970E-02  0.
STEP   3 TIME  3.00000000E+00
     1 -9.90000010E-01  0.00000000E+00  0.00000000E+00  0.00000000E+00  7.88063668E-02  0.
     2 -9.80000019E-01  0.00000000E+00  0.00000000E+00  0.00000000E+00  7.71908416E-02  0.
     3 -9.70000029E-01  0.00000000E+00  0.00000000E+00  0.00000000E+00  7.55915192E-02  0.
     4 -9.59999979E-01  0.00000000E+00  0.00000000E+00  0.00000000E+00  7.40082871E-02  0.
     5 -9.49999988E-01  0.00000000E+00  0.00000000E+00  0.00000000E+00  7.24412111E-02  0.
     6 -9.39999998E-01  0.00000000E+00  0.00000000E+00  0.00000000E+00  7.08902775E-02  0.
     7 -9.30000007E-01  0.00000000E+00  0.00000000E+00  0.00000000E+00  6.93555073E-02  0.
     8 -9.20000017E-01  0.00000000E+00  0.00000000E+00  0.00000000E+00  6.78369154E-02  0.
     9 -9.10000026E-01  0.00000000E+00  0.00000000E+00  0.00000000E+00  6.63344988E-02  0.
    10 -8.99999976E-01  0.00000000E+00  0.00000000E+00  0.00000000E+00  6.48483600E-02  0.
    11 -8.89999986E-01  0.00000000E+00  0.00000000E+00  0.00000000E+00  6.33784038E-02  0.
    12 -8.79999995E-01  0.00000000E+00  0.00000000E+00  0.00000000E+00  6.19246729E-02  0.
    13 -8.70000005E-01  0.00000000E+00  0.00000000E+00  0.00000000E+00  6.04871877E-02  0.
    14 -8.60000014E-01  0.00000000E+00  0.00000000E+00  0.00000000E+00  5.90659578E-02  0.
    15 -8.50000024E-01  0.00000000E+00  0.00000000E+00  0.00000000E+00  5.76609997E-02  0.
    16 -8.39999974E-01  0.00000000E+00  0.00000000E+00  0.00000000E+00  5.62723241E-02  0.
    17 -8.29999983E-01  0.00000000E+00  0.00000000E+00  0.00000000E+00  5.48999654E-02  0.
    18 -8.19999993E-01  0.00000000E+00  0.00000000E+00  0.00000000E+00  5.35439174E-02  0.
    19 -8.10000002E-01  0.00000000E+00  0.00000000E+00  0.00000000E+00  5.22042048E-02  0.
    20 -8.00000012E-01  0.00000000E+00  0.00000000E+00  0.00000000E+00  5.08808362E-02  0.
    21 -7.90000021E-01  0.00000000E+00  0.00000000E+00  0.00000000E+00  4.95738194E-02  0.
    22 -7.79999971E-01  0.00000000E+00  0.00000000E+00  0.00000000E+00  4.82831648E-02  0.
    23 -7.69999981E-01  0.00000000E+00  0.00000000E+00  0.00000000E+00  4.70088954E-02  0.
    24 -7.59999990E-01  0.00000000E+00  0.00000000E+00  0.00000000E+00  4.57510202E-02  0.
    25 -7.50000000E-01  0.00000000E+00  0.00000000E+00  0.00000000E+00  4.45095584E-02  0.
    26 -7.40000010E-01  0.00000000E+00  0.00000000E+00  0.00000000E+00  4.32845114E-02  0.
    27 -7.30000019E-01  0.00000000E+00  0.00000000E+00  0.00000000E+00  4.20759263E-02  0.
    28 -7.20000029E-01  0.00000000E+00  0.00000000E+00  0.00000000E+00  4.08837876E-02  0.
    29 -7.09999979E-01  0.00000000E+00  0.00000000E+00  0.00000000E+00  3.97080820E-02  0.
    30 -6.99999988E-01  0.00000000E+00  0.00000000E+00  0.00000000E+00  3.85488694E-02  0.
    31 -6.89999998E-01  0.00000000E+00  0.00000000E+00  0.00000000E+00  3.74061476E-02  0.
    32 -6.80000007E-01  0.00000000E+00  0.00000000E+00  0.00000000E+00  3.62799346E-02  0.
    33 -6.70000017E-01  0.00000000E+00  0.00000000E+00  0.00000000E+00  3.51702399E-02  0.
    34 -6.60000026E-01  0.00000000E+00  0.00000000E+00  0.00000000E+00  3.40770734E-02  0.
    35 -6.49999976E-01  0.00000000E+00  0.00000000E+00  0.00000000E+00  3.30004474E-02  0.
    36 -6.39999986E-01  0.00000000E+00  0.00000000E+00  0.00000000E+00  3.19403876E-02  0.
    37 -6.29999995E-01  0.00000000E+00  0.00000000E+00  0.00000000E+00  3.08969000E-02  0.
    38 -6.20000005E-01  0.00000000E+00  0.00000000E+00  0.00000000E+00  2.98699992E-02  0.
    39 -6.10000014E-01  0.00000000E+00  0.00000000E+00  0.00000000E+00  2.88597021E-02  0.
    40 -6.00000024E-01  0.00000000E+00  0.00000000E+00  0.00000000E+00  2.78660209E-02  0.
    41 -5.89999974E-01  0.00000000E+00  0.00000000E+00  0.00000000E+00  2.68889666E-02  0.
    42 -5.79999983E-01  0.00000000E+00  0.00000000E+00  0.00000000E+00  2.59285636E-02  0.
    43 -5.69999993E-01  0.00000000E+00  0.00000000E+00  0.00000000E+00  2.49848234E-02  0.
    44 -5.60000002E-01  0.00000000E+00  0.00000000E+00  0.00000000E+00  2.40577611E-02  0.
    45 -5.50000012E-01  0.00000000E+00  0.00000000E+00  0.00000000E+00  2.31473911E-02  0.
    46 -5.40000021E-01  0.00000000E+00  0.00000000E+00  0.00000000E+00  2.22537320E-02  0.
    47 -5.29999971E-01  0.00000000E+00  0.00000000E+00  0.00000000E+00  2.13767926E-02  0.
    48 -5.19999981E-01  0.00000000E+00  0.00000000E+00  0.00000000E+00  2.05166023E-02  0.
    49 -5.09999990E-01  0.00000000E+00  0.00000000E+00  0.00000000E+00  1.96731720E-02  0.
    50 -5.00000000E-01  0.00000000E+00  0.00000000E+00  0.00000000E+00  1.88465203E-02  0.
    51 -4.90000010E-01  0.00000000E+00  0.00000000E+00  0.00000000E+00  1.80366649E-02  0.
    52 -4.79999989E-01  0.00000000E+00  0.00000000E+00  0.00000000E+00  1.72436230E-02  0.
    53 -4.69999999E-01  0.00000000E+00  0.00000000E+00  0.00000000E+00  1.64674183E-02  0.
    54 -4.60000008E-01  0.00000000E+00  0.00000000E+00  0.00000000E+00  1.57080692E-02  0.
    55 -4.49999988E-01  0.00000000E+00  0.00000000E+00  0.00000000E+00  1.49655951E-02  0.
    56 -4.39999998E-01  0.00000000E+00  0.00000000E+00  0.00000000E+00  1.42400216E-02  0.
    57 -4.30000007E-01  0.00000000E+00  0.00000000E+00  0.00000000E+00  1.35313702E-02  0.
    58 -4.19999987E-01  0.00000000E+00  0.00000000E+00  0.00000000E+00  1.28396629E-02  0.
    59 -4.09999996E-01  0.00000000E+00  0.00000000E+00  0.00000000E+00  1.21649290E-02  0.
    60 -4.00000006E-01  0.00000000E+00  0.00000000E+00  0.00000000E+00  1.15071934E-02  0.
    61 -3.89999986E-01  0.00000000E+00  0.00000000E+00  0.00000000E+00  1.08664830E-02  0.
    62 -3.79999995E-01  0.00000000E+00  0.00000000E+00  0.00000000E+00  1.02428307E-02  0.
    63 -3.70000005E-01  0.00000000E+00  0.00000000E+00  0.00000000E+00  9.63626778E-03  0.
    64 -3.60000014E-01  0.00000000E+00  0.00000000E+00  0.00000000E+00  9.04682787E-03  0.
    65 -3.49999994E-01  0.00000000E+00  0.00000000E+00  0.00000000E+00  8.47454609E-03  0.
    66 -3.40000004E-01  0.00000000E+00  0.00000000E+00  0.00000000E+00  7.91946544E-03  0.
    67 -3.30000013E-01  0.00000000E+00  0.00000000E+00  0.00000000E+00  7.38162684E-03  0.
    68 -3.19999993E-01  0.00000000E+00  0.00000000E+00  0.00000000E+00  6.86107535E-03  0.
    69 -3.10000002E-01  0.00000000E+00  0.00000000E+00  0.00000000E+00  6.35786469E-03  0.
    70 -3.00000012E-01  0.00000000E+00  0.00000000E+00  0.00000000E+00  5.87204817E-03  0.
    71 -2.89999992E-01  0.00000000E+00  0.00000000E+00  0.00000000E+00  5.40368588E-03  0.
    72 -2.80000001E-01  0.00000000E+00  0.00000000E+00  0.00000000E+00  4.95284800E-03  0.
    73 -2.70000011E-01  0.00000000E+00  0.00000000E+00  0.00000000E+00  4.51960801E-03  0.
    74 -2.59999990E-01  0.00000000E+00  0.00000000E+00  0.00000000E+00  4.10404870E-03  0.
    75 -2.50000000E-01  0.00000000E+00  0.00000000E+00  0.00000000E+00  3.70626647E-03  0.
    76 -2.39999995E-01  0.00000000E+00  0.00000000E+00  0.00000000E+00  3.32636765E-03  0.
    77 -2.30000004E-01  0.00000000E+00  0.00000000E+00  0.00000000E+00  2.96447488E-03  0.
    78 -2.19999999E-01  0.00000000E+00  0.00000000E+00  0.00000000E+00  2.62072835E-03  0.
    79 -2.09999993E-01  0.00000000E+00  0.00000000E+00  0.00000000E+00  2.29529105E-03  0.
    80 -2.00000003E-01  0.00000000E+00  0.00000000E+00  0.00000000E+00  1.98836136E-03  0.
    81 -1.89999998E-01  0.00000000E+00  0.00000000E+00  0.00000000E+00  1.70016579E-03  0.
    82 -1.80000007E-01  0.00000000E+00  0.00000000E+00  0.00000000E+00  1.43098200E-03  0.
    83 -1.70000002E-01  0.00000000E+00  0.00000000E+00  0.00000000E+00  1.18115060E-03  0.
    84 -1.59999996E-01  0.00000000E+00  0.00000000E+00  0.00000000E+00  9.51067712E-04  0.
    85 -1.50000006E-01  0.00000000E+00  0.00000000E+00  0.00000000E+00  7.41355474E-04  0.
    86 -1.40000001E-01  0.00000000E+00  0.00000000E+00  0.00000000E+00  5.52641721E-04  0.
    87 -1.29999995E-01  0.00000000E+00  0.00000000E+00  0.00000000E+00  3.86034608E-04  0.
    88 -1.19999997E-01  0.00000000E+00  0.00000000E+00  0.00000000E+00  2.42740729E-04  0.
    89 -1.09999999E-01  0.00000000E+00  0.00000000E+00  0.00000000E+00  1.25796938E-04  0.
    90 -1.00000001E-01  0.00000000E+00  0.00000000E+00  0.00000000E+00  3.75747608E-05  0.
    91 -9.00000036E-02  1.46770710E+02  8.80624259E+01  1.02526629E-04 -7.33853549E-07  2.
    92 -7.99999982E-02  3.88246082E+02  2.32947649E+02  4.88728319E-05 -1.94123041E-06  2.
    93 -7.00000003E-02  5.32183285E+02  3.19309971E+02  1.02493708E-05 -2.66091642E-06  2.
    94 -5.99999987E-02  6.25620372E+02  2.59793192E+02  3.49936254E-07 -3.12810186E-06  1.
    95 -5.00000007E-02  6.96304280E+02  1.99290769E+02  0.00000000E+00 -3.48152140E-06  1.
    96 -3.99999991E-02  7.48618947E+02  1.74893336E+02  0.00000000E+00 -3.74309473E-06  1.
    97 -2.99999993E-02  7.86946469E+02  1.61750896E+02  0.00000000E+00 -3.93473234E-06  1.
    98 -1.99999996E-02  8.13293780E+02  1.53761567E+02  0.00000000E+00 -4.06646890E-06  1.
    99 -9.99999978E-03  8.28777090E+02  1.48670279E+02  0.00000000E+00 -4.14388545E-06  1.
   100  0.00000000E+00  8.33988101E+02  1.47007884E+02  0.00000000E+00 -4.16994051E-06  1.
   101  9.99999978E-03  8.29125386E+02  1.47866156E+02  0.00000000E+00 -4.14562693E-06  1.
   102  1.99999996E-02  8.13985650E+02  1.50744855E+02  0.00000000E+00 -4.06992825E-06  1.
   103  2.99999993E-02  7.88026672E+02  1.57748131E+02  0.00000000E+00 -3.94013336E-06  1.
   104  3.99999991E-02  7.49901240E+02  1.70224513E+02  0.00000000E+00 -3.74950620E-06  1.
   105  5.00000007E-02  6.98036602E+02  1.92914530E+02  0.00000000E+00 -3.49018301E-06  1.
   106  5.99999987E-02  6.28571031E+02  2.46103359E+02  3.49936254E-07 -3.14285516E-06  1.
   107  7.00000003E-02  5.35488787E+02  3.21293272E+02  6.82198292E-06 -2.67744394E-06  2.
   108  7.99999982E-02  3.94206998E+02  2.36524199E+02  4.44603410E-05 -1.97103499E-06  2.
   109  9.00000036E-02  1.60230753E+02  9.61384519E+01  9.79462602E-05 -8.01153766E-07  2.
   110  1.00000001E-01  0.00000000E+00  0.00000000E+00  0.00000000E+00  3.35650675E-05  0.
   111  1.09999999E-01  0.00000000E+00  0.00000000E+00  0.00000000E+00  1.19696671E-04  0.
   112  1.19999997E-01  0.00000000E+00  0.00000000E+00  0.00000000E+00  2.34482497E-04  0.
   113  1.29999995E-01  0.00000000E+00  0.00000000E+00  0.00000000E+00  3.75736057E-04  0.
   114  1.40000001E-01  0.00000000E+00  0.00000000E+00  0.00000000E+00  5.40262029E-04  0.
   115  1.50000006E-01  0.00000000E+00  0.00000000E+00  0.00000000E+00  7.26918324E-04  0.
   116  1.59999996E-01  0.00000000E+00  0.00000000E+00  0.00000000E+00  9.34557643E-04  0.
   117  1.70000002E-01  0.00000000E+00  0.00000000E+00  0.00000000E+00  1.16251691E-03  0.
   118  1.80000007E-01  0.00000000E+00  0.00000000E+00  0.00000000E+00  1.41022103E-03  0.
   119  1.89999998E-01  0.00000000E+00  0.00000000E+00  0.00000000E+00  1.67725549E-03  0.
   120  2.00000003E-01  0.00000000E+00  0.00000000E+00  0.00000000E+00  1.96327584E-03  0.
   121  2.09999993E-01  0.00000000E+00  0.00000000E+00  0.00000000E+00  2.26800645E-03  0.
   122  2.19999999E-01  0.00000000E+00  0.00000000E+00  0.00000000E+00  2.59121794E-03  0.
   123  2.30000004E-01  0.00000000E+00  0.00000000E+00  0.00000000E+00  2.93271784E-03  0.
   124  2.39999995E-01  0.00000000E+00  0.00000000E+00  0.00000000E+00  3.29234168E-03  0.
   125  2.50000000E-01  0.00000000E+00  0.00000000E+00  0.00000000E+00  3.66994957E-03  0.
   126  2.59999990E-01  0.00000000E+00  0.00000000E+00  0.00000000E+00  4.06541961E-03  0.
   127  2.70000011E-01  0.00000000E+00  0.00000000E+00  0.00000000E+00  4.47864557E-03  0.
   128  2.80000001E-01  0.00000000E+00  0.00000000E+00  0.00000000E+00  4.90953175E-03  0.
   129  2.89999992E-01  0.00000000E+00  0.00000000E+00  0.00000000E+00  5.35799581E-03  0.
   130  3.00000012E-01  0.00000000E+00  0.00000000E+00  0.00000000E+00  5.82396489E-03  0.
   131  3.10000002E-01  0.00000000E+00  0.00000000E+00  0.00000000E+00  6.30736948E-03  0.
   132  3.19999993E-01  0.00000000E+00  0.00000000E+00  0.00000000E+00  6.80814922E-03  0.
   133  3.30000013E-01  0.00000000E+00  0.00000000E+00  0.00000000E+00  7.32625349E-03  0.
   134  3.40000004E-01  0.00000000E+00  0.00000000E+00  0.00000000E+00  7.86163489E-03  0.
   135  3.49999994E-01  0.00000000E+00  0.00000000E+00  0.00000000E+00  8.41419956E-03  0.
   136  3.60000014E-01  0.00000000E+00  0.00000000E+00  0.00000000E+00  8.98398227E-03  0.
   137  3.70000005E-01  0.00000000E+00  0.00000000E+00  0.00000000E+00  9.57090661E-03  0.
   138  3.79999995E-01  0.00000000E+00  0.00000000E+00  0.00000000E+00  1.01749378E-02  0.
   139  3.89999986E-01  0.00000000E+00  0.00000000E+00  0.00000000E+00  1.07960441E-02  0.
   140  4.00000006E-01  0.00000000E+00  0.00000000E+00  0.00000000E+00  1.14341920E-02  0.
   141  4.09999996E-01  0.00000000E+00  0.00000000E+00  0.00000000E+00  1.20893513E-02  0.
   142  4.19999987E-01  0.00000000E+00  0.00000000E+00  0.00000000E+00  1.27614942E-02  0.
   143  4.30000007E-01  0.00000000E+00  0.00000000E+00  0.00000000E+00  1.34505961E-02  0.
   144  4.39999998E-01  0.00000000E+00  0.00000000E+00  0.00000000E+00  1.41566281E-02  0.
   145  4.49999988E-01  0.00000000E+00  0.00000000E+00  0.00000000E+00  1.48795702E-02  0.
   146  4.60000008E-01  0.00000000E+00  0.00000000E+00  0.00000000E+00  1.56193984E-02  0.
   147  4.69999999E-01  0.00000000E+00  0.00000000E+00  0.00000000E+00  1.63760897E-02  0.
   148  4.79999989E-01  0.00000000E+00  0.00000000E+00  0.00000000E+00  1.71496248E-02  0.
   149  4.90000010E-01  0.00000000E+00  0.00000000E+00  0.00000000E+00  1.79399830E-02  0.
   150  5.00000000E-01  0.00000000E+00  0.00000000E+00  0.00000000E+00  1.87471440E-02  0.
   151  5.09999990E-01  0.00000000E+00  0.00000000E+00  0.00000000E+00  1.95710890E-02  0.
   152  5.19999981E-01  0.00000000E+00  0.00000000E+00  0.00000000E+00  2.04117869E-02  0.
   153  5.29999971E-01  0.00000000E+00  0.00000000E+00  0.00000000E+00  2.12692822E-02  0.
   154  5.40000021E-01  0.00000000E+00  0.00000000E+00  0.00000000E+00  2.21434921E-02  0.
   155  5.50000012E-01  0.00000000E+00  0.00000000E+00  0.00000000E+00  2.30344006E-02  0.
   156  5.60000002E-01  0.00000000E+00  0.00000000E+00  0.00000000E+00  2.39420141E-02  0.
   157  5.69999993E-01  0.00000000E+00  0.00000000E+00  0.00000000E+00  2.48663066E-02  0.
   158  5.79999983E-01  0.00000000E+00  0.00000000E+00  0.00000000E+00  2.58072681E-02  0.
   159  5.89999974E-01  0.00000000E+00  0.00000000E+00  0.00000000E+00  2.67648840E-02  0.
   160  6.00000024E-01  0.00000000E+00  0.00000000E+00  0.00000000E+00  2.77391403E-02  0.
   161  6.10000014E-01  0.00000000E+00  0.00000000E+00  0.00000000E+00  2.87300155E-02  0.
   162  6.20000005E-01  0.00000000E+00  0.00000000E+00  0.00000000E+00  2.97374970E-02  0.
   163  6.29999995E-01  0.00000000E+00  0.00000000E+00  0.00000000E+00  3.07615741E-02  0.
   164  6.39999986E-01  0.00000000E+00  0.00000000E+00  0.00000000E+00  3.18022291E-02  0.
   165  6.49999976E-01  0.00000000E+00  0.00000000E+00  0.00000000E+00  3.28594478E-02  0.
   166  6.60000026E-01  0.00000000E+00  0.00000000E+00  0.00000000E+00  3.39332247E-02  0.
   167  6.70000017E-01  0.00000000E+00  0.00000000E+00  0.00000000E+00  3.50235337E-02  0.
   168  6.80000007E-01  0.00000000E+00  0.00000000E+00  0.00000000E+00  3.61303637E-02  0.
   169  6.89999998E-01  0.00000000E+00  0.00000000E+00  0.00000000E+00  3.72537039E-02  0.
   170  6.99999988E-01  0.00000000E+00  0.00000000E+00  0.00000000E+00  3.83935392E-02  0.
   171  7.09999979E-01  0.00000000E+00  0.00000000E+00  0.00000000E+00  3.95498571E-02  0.
   172  7.20000029E-01  0.00000000E+00  0.00000000E+00  0.00000000E+00  4.07226551E-02  0.
   173  7.30000019E-01  0.00000000E+00  0.00000000E+00  0.00000000E+00  4.19119037E-02  0.
   174  7.40000010E-01  0.00000000E+00  0.00000000E+00  0.00000000E+00  4.31175968E-02  0.
   175  7.50000000E-01  0.00000000E+00  0.00000000E+00  0.00000000E+00  4.43397192E-02  0.
   176  7.59999990E-01  0.00000000E+00  0.00000000E+00  0.00000000E+00  4.55782624E-02  0.
   177  7.69999981E-01  0.00000000E+00  0.00000000E+00  0.00000000E+00  4.68332098E-02  0.
   178  7.79999971E-01  0.00000000E+00  0.00000000E+00  0.00000000E+00  4.81045442E-02  0.
   179  7.90000021E-01  0.00000000E+00  0.00000000E+00  0.00000000E+00  4.93922585E-02  0.
   180  8.00000012E-01  0.00000000E+00  0.00000000E+00  0.00000000E+00  5.06963296E-02  0.
   181  8.10000002E-01  0.00000000E+00  0.00000000E+00  0.00000000E+00  5.20167452E-02  0.
   182  8.19999993E-01  0.00000000E+00  0.00000000E+00  0.00000000E+00  5.33534981E-02  0.
   183  8.29999983E-01  0.00000000E+00  0.00000000E+00  0.00000000E+00  5.47066000E-02  0.
   184  8.39999974E-01  0.00000000E+00  0.00000000E+00  0.00000000E+00  5.60759953E-02  0.
   185  8.50000024E-01  0.00000000E+00  0.00000000E+00  0.00000000E+00  5.74616795E-02  0.
   186  8.60000014E-01  0.00000000E+00  0.00000000E+00  0.00000000E+00  5.88636550E-02  0.
   187  8.70000005E-01  0.00000000E+00  0.00000000E+00  0.00000000E+00  6.02818994E-02  0.
   188  8.79999995E-01  0.00000000E+00  0.00000000E+00  0.00000000E+00  6.17163935E-02  0.
   189  8.89999986E-01  0.00000000E+00  0.00000000E+00  0.00000000E+00  6.31671273E-02  0.
   190  8.99999976E-01  0.00000000E+00  0.00000000E+00  0.00000000E+00  6.46340833E-02  0.
   191  9.10000026E-01  0.00000000E+00  0.00000000E+00  0.00000000E+00  6.61172588E-02  0.
   192  9.20000017E-01  0.00000000E+00  0.00000000E+00  0.00000000E+00  6.76166330E-02  0.
   193  9.30000007E-01  0.00000000E+00  0.00000000E+00  0.00000000E+00  6.91321951E-02  0.
   194  9.39999998E-01  0.00000000E+00  0.00000000E+00  0.00000000E+00  7.06639422E-02  0.
   195  9.49999988E-01  0.00000000E+00  0.00000000E+00  0.00000000E+00  7.22118404E-02  0.
   196  9.59999979E-01  0.00000000E+00  0.00000000E+00  0.00000000E+00  7.37758789E-02  0.
   197  9.70000029E-01  0.00000000E+00  0.00000000E+00  0.00000000E+00  7.53560434E-02  0.
   198  9.80000019E-01  0.00000000E+00  0.00000000E+00  0.00000000E+00  7.69523175E-02  0.
   199  9.90000010E-01  0.00000000E+00  0.00000000E+00  0.00000000E+00  7.85646733E-02  0.
STEP   4 TIME  4.00000000E+00
     1 -9.90000010E-01  0.00000000E+00  0.00000000E+00  0.00000000E+00  7.86885488E-02  0.
     2 -9.80000019E-01  0.00000000E+00  0.00000000E+00  0.00000000E+00  7.70745799E-02  0.
     3 -9.70000029E-01  0.00000000E+00  0.00000000E+00  0.00000000E+00  7.54767352E-02  0.
     4 -9.59999979E-01  0.00000000E+00  0.00000000E+00  0.00000000E+00  7.38949939E-02  0.
     5 -9.49999988E-01  0.00000000E+00  0.00000000E+00  0.00000000E+00  7.23294058E-02  0.
     6 -9.39999998E-01  0.00000000E+00  0.00000000E+00  0.00000000E+00  7.07799778E-02  0.
     7 -9.30000007E-01  0.00000000E+00  0.00000000E+00  0.00000000E+00  6.92467071E-02  0.
     8 -9.20000017E-01  0.00000000E+00  0.00000000E+00  0.00000000E+00  6.77296054E-02  0.
     9 -9.10000026E-01  0.00000000E+00  0.00000000E+00  0.00000000E+00  6.62286878E-02  0.
    10 -8.99999976E-01  0.00000000E+00  0.00000000E+00  0.00000000E+00  6.47439593E-02  0.
    11 -8.89999986E-01  0.00000000E+00  0.00000000E+00  0.00000000E+00  6.32754638E-02  0.
    12 -8.79999995E-01  0.00000000E+00  0.00000000E+00  0.00000000E+00  6.18232162E-02  0.
    13 -8.70000005E-01  0.00000000E+00  0.00000000E+00  0.00000000E+00  6.03871598E-02  0.
    14 -8.60000014E-01  0.00000000E+00  0.00000000E+00  0.00000000E+00  5.89674069E-02  0.
    15 -8.50000024E-01  0.00000000E+00  0.00000000E+00  0.00000000E+00  5.75639225E-02  0.
    16 -8.39999974E-01  0.00000000E+00  0.00000000E+00  0.00000000E+00  5.61767129E-02  0.
    17 -8.29999983E-01  0.00000000E+00  0.00000000E+00  0.00000000E+00  5.48058088E-02  0.
    18 -8.19999993E-01  0.00000000E+00  0.00000000E+00  0.00000000E+00  5.34512124E-02  0.
    19 -8.10000002E-01  0.00000000E+00  0.00000000E+00  0.00000000E+00  5.21129381E-02  0.
    20 -8.00000012E-01  0.00000000E+00  0.00000000E+00  0.00000000E+00  5.07910090E-02  0.
    21 -7.90000021E-01  0.00000000E+00  0.00000000E+00  0.00000000E+00  4.94854347E-02  0.
    22 -7.79999971E-01  0.00000000E+00  0.00000000E+00  0.00000000E+00  4.81962187E-02  0.
    23 -7.69999981E-01  0.00000000E+00  0.00000000E+00  0.00000000E+00  4.69233939E-02  0.
    24 -7.59999990E-01  0.00000000E+00  0.00000000E+00  0.00000000E+00  4.56669630E-02  0.
    25 -7.50000000E-01  0.00000000E+00  0.00000000E+00  0.00000000E+00  4.44269393E-02  0.
    26 -7.40000010E-01  0.00000000E+00  0.00000000E+00  0.00000000E+00  4.32033297E-02  0.
    27 -7.30000019E-01  0.00000000E+00  0.00000000E+00  0.00000000E+00  4.19961530E-02  0.
    28 -7.20000029E-01  0.00000000E+00  0.00000000E+00  0.00000000E+00  4.08054218E-02  0.
    29 -7.09999979E-01  0.00000000E+00  0.00000000E+00  0.00000000E+00  3.96311429E-02  0.
    30 -6.99999988E-01  0.00000000E+00  0.00000000E+00  0.00000000E+00  3.84733413E-02  0.
    31 -6.89999998E-01  0.00000000E+00  0.00000000E+00  0.00000000E+00  3.73320275E-02  0.
    32 -6.80000007E-01  0.00000000E+00  0.00000000E+00  0.00000000E+00  3.62072124E-02  0.
    33 -6.70000017E-01  0.00000000E+00  0.00000000E+00  0.00000000E+00  3.50989126E-02  0.
    34 -6.60000026E-01  0.00000000E+00  0.00000000E+00  0.00000000E+00  3.40070985E-02  0.
    35 -6.49999976E-01  0.00000000E+00  0.00000000E+00  0.00000000E+00  3.29318811E-02  0.
    36 -6.39999986E-01  0.00000000E+00  0.00000000E+00  0.00000000E+00  3.18732113E-02  0.
    37 -6.29999995E-01  0.00000000E+00  0.00000000E+00  0.00000000E+00  3.08311113E-02  0.
    38 -6.20000005E-01  0.00000000E+00  0.00000000E+00  0.00000000E+00  2.98055922E-02  0.
    39 -6.10000014E-01  0.00000000E+00  0.00000000E+00  0.00000000E+00  2.87966754E-02  0.
    40 -6.00000024E-01  0.00000000E+00  0.00000000E+00  0.00000000E+00  2.78043708E-02  0.
    41 -5.89999974E-01  0.00000000E+00  0.00000000E+00  0.00000000E+00  2.68286891E-02  0.
    42 -5.79999983E-01  0.00000000E+00  0.00000000E+00  0.00000000E+00  2.58696525E-02  0.
    43 -5.69999993E-01  0.00000000E+00  0.00000000E+00  0.00000000E+00  2.49272745E-02  0.
    44 -5.60000002E-01  0.00000000E+00  0.00000000E+00  0.00000000E+00  2.40015696E-02  0.
    45 -5.50000012E-01  0.00000000E+00  0.00000000E+00  0.00000000E+00  2.30925498E-02  0.
    46 -5.40000021E-01  0.00000000E+00  0.00000000E+00  0.00000000E+00  2.22002378E-02  0.
    47 -5.29999971E-01  0.00000000E+00  0.00000000E+00  0.00000000E+00  2.13246379E-02  0.
    48 -5.19999981E-01  0.00000000E+00  0.00000000E+00  0.00000000E+00  2.04657827E-02  0.
    49 -5.09999990E-01  0.00000000E+00  0.00000000E+00  0.00000000E+00  1.96236813E-02  0.
    50 -5.00000000E-01  0.00000000E+00  0.00000000E+00  0.00000000E+00  1.87983528E-02  0.
    51 -4.90000010E-01  0.00000000E+00  0.00000000E+00  0.00000000E+00  1.79898144E-02  0.
    52 -4.79999989E-01  0.00000000E+00  0.00000000E+00  0.00000000E+00  1.71980839E-02  0.
    53 -4.69999999E-01  0.00000000E+00  0.00000000E+00  0.00000000E+00  1.64231834E-02  0.
    54 -4.60000008E-01  0.00000000E+00  0.00000000E+00  0.00000000E+00  1.56651324E-02  0.
    55 -4.49999988E-01  0.00000000E+00  0.00000000E+00  0.00000000E+00  1.49239501E-02  0.
    56 -4.39999998E-01  0.00000000E+00  0.00000000E+00  0.00000000E+00  1.41996611E-02  0.
    57 -4.30000007E-01  0.00000000E+00  0.00000000E+00  0.00000000E+00  1.34922879E-02  0.
    58 -4.19999987E-01  0.00000000E+00  0.00000000E+00  0.00000000E+00  1.28018517E-02  0.
    59 -4.09999996E-01  0.00000000E+00  0.00000000E+00  0.00000000E+00  1.21283815E-02  0.
    60 -4.00000006E-01  0.00000000E+00  0.00000000E+00  0.00000000E+00  1.14719020E-02  0.
    61 -3.89999986E-01  0.00000000E+00  0.00000000E+00  0.00000000E+00  1.08324406E-02  0.
    62 -3.79999995E-01  0.00000000E+00  0.00000000E+00  0.00000000E+00  1.02100290E-02  0.
    63 -3.70000005E-01  0.00000000E+00  0.00000000E+00  0.00000000E+00  9.60469936E-03  0.
    64 -3.60000014E-01  0.00000000E+00  0.00000000E+00  0.00000000E+00  9.01648447E-03  0.
    65 -3.49999994E-01  0.00000000E+00  0.00000000E+00  0.00000000E+00  8.44541930E-03  0.
    66 -3.40000004E-01  0.00000000E+00  0.00000000E+00  0.00000000E+00  7.89154668E-03  0.
    67 -3.30000013E-01  0.00000000E+00  0.00000000E+00  0.00000000E+00  7.35490732E-03  0.
    68 -3.19999993E-01  0.00000000E+00  0.00000000E+00  0.00000000E+00  6.83554610E-03  0.
    69 -3.10000002E-01  0.00000000E+00  0.00000000E+00  0.00000000E+00  6.33351658E-03  0.
    70 -3.00000012E-01  0.00000000E+00  0.00000000E+00  0.00000000E+00  5.84887144E-03  0.
    71 -2.89999992E-01  0.00000000E+00  0.00000000E+00  0.00000000E+00  5.38167092E-03  0.
    72 -2.80000001E-01  0.00000000E+00  0.00000000E+00  0.00000000E+00  4.93198487E-03  0.
    73 -2.70000011E-01  0.00000000E+00  0.00000000E+00  0.00000000E+00  4.49988506E-03  0.
    74 -2.59999990E-01  0.00000000E+00  0.00000000E+00  0.00000000E+00  4.08545878E-03  0.
    75 -2.50000000E-01  0.00000000E+00  0.00000000E+00  0.00000000E+00  3.68879881E-03  0.
    76 -2.39999995E-01  0.00000000E+00  0.00000000E+00  0.00000000E+00  3.31001224E-03  0.
    77 -2.30000004E-01  0.00000000E+00  0.00000000E+00  0.00000000E+00  2.94922231E-03  0.
    78 -2.19999999E-01  0.00000000E+00  0.00000000E+00  0.00000000E+00  2.60656844E-03  0.
    79 -2.09999993E-01  0.00000000E+00  0.00000000E+00  0.00000000E+00  2.28223974E-03  0.
    80 -2.00000003E-01  0.00000000E+00  0.00000000E+00  0.00000000E+00  1.97637285E-03  0.
    81 -1.89999998E-01  0.00000000E+00  0.00000000E+00  0.00000000E+00  1.68923544E-03  0.
    82 -1.80000007E-01  0.00000000E+00  0.00000000E+00  0.00000000E+00  1.42109553E-03  0.
    83 -1.70000002E-01  0.00000000E+00  0.00000000E+00  0.00000000E+00  1.17229556E-03  0.
    84 -1.59999996E-01  0.00000000E+00  0.00000000E+00  0.00000000E+00  9.43252116E-04  0.
    85 -1.50000006E-01  0.00000000E+00  0.00000000E+00  0.00000000E+00  7.34532219E-04  0.
    86 -1.40000001E-01  0.00000000E+00  0.00000000E+00  0.00000000E+00  5.46809842E-04  0.
    87 -1.29999995E-01  0.00000000E+00  0.00000000E+00  0.00000000E+00  3.81196664E-04  0.
    88 -1.19999997E-01  0.00000000E+00  0.00000000E+00  0.00000000E+00  2.38890942E-04  0.
    89 -1.09999999E-01  0.00000000E+00  0.00000000E+00  0.00000000E+00  1.22914721E-04  0.
    90 -1.00000001E-01  0.00000000E+00  0.00000000E+00  0.00000000E+00  3.57406493E-05  0.
    91 -9.00000036E-02  1.52347033E+02 -9.14082201E+01  1.59451924E-04 -7.61735167E-07  2.
    92 -7.99999982E-02  3.91781889E+02 -1.67456250E+02  4.88728319E-05 -1.95890945E-06  1.
    93 -7.00000003E-02  5.34634283E+02  8.37539798E+01  1.02493708E-05 -2.67317141E-06  1.
    94 -5.99999987E-02  6.27022474E+02  7.15434860E+01  3.49936254E-07 -3.13511237E-06  1.
    95 -5.00000007E-02  6.97245032E+02  3.48583358E+01  0.00000000E+00 -3.48622516E-06  1.
    96 -3.99999991E-02  7.49528003E+02  2.35973359E+01  0.00000000E+00 -3.74764002E-06  1.
    97 -2.99999993E-02  7.87518249E+02  1.90709262E+01  0.00000000E+00 -3.93759124E-06  1.
    98 -1.99999996E-02  8.13721439E+02  1.62511750E+01  0.00000000E+00 -4.06860720E-06  1.
    99 -9.99999978E-03  8.28994817E+02  1.40721733E+01  0.00000000E+00 -4.14497408E-06  1.
   100  0.00000000E+00  8.34033025E+02  1.33208915E+01  0.00000000E+00 -4.17016513E-06  1.
   101  9.99999978E-03  8.28998217E+02  1.32935029E+01  0.00000000E+00 -4.14499109E-06  1.
   102  1.99999996E-02  8.13654333E+02  1.32902722E+01  0.00000000E+00 -4.06827166E-06  1.
   103  2.99999993E-02  7.87557904E+02  1.51567963E+01  0.00000000E+00 -3.93778952E-06  1.
   104  3.99999991E-02  7.49115126E+02  1.90778669E+01  0.00000000E+00 -3.74557563E-06  1.
   105  5.00000007E-02  6.97240552E+02  2.86828919E+01  0.00000000E+00 -3.48620276E-06  1.
   106  5.99999987E-02  6.27462264E+02  5.82711689E+01  3.49936254E-07 -3.13731132E-06  1.
   107  7.00000003E-02  5.33388214E+02  8.71716841E+01  6.82198292E-06 -2.66694107E-06  1.
   108  7.99999982E-02  3.90898482E+02 -1.58717800E+02  4.44603410E-05 -1.95449241E-06  1.
   109  9.00000036E-02  1.54741872E+02 -9.28451232E+01  1.52880092E-04 -7.73709360E-07  2.
   110  1.00000001E-01  0.00000000E+00  0.00000000E+00  0.00000000E+00  3.53885864E-05  0.
   111  1.09999999E-01  0.00000000E+00  0.00000000E+00  0.00000000E+00  1.22582365E-04  0.
   112  1.19999997E-01  0.00000000E+00  0.00000000E+00  0.00000000E+00  2.38332236E-04  0.
   113  1.29999995E-01  0.00000000E+00  0.00000000E+00  0.00000000E+00  3.80570282E-04  0.
   114  1.40000001E-01  0.00000000E+00  0.00000000E+00  0.00000000E+00  5.46090189E-04  0.
   115  1.50000006E-01  0.00000000E+00  0.00000000E+00  0.00000000E+00  7.33735891E-04  0.
   116  1.59999996E-01  0.00000000E+00  0.00000000E+00  0.00000000E+00  9.42379366E-04  0.
   117  1.70000002E-01  0.00000000E+00  0.00000000E+00  0.00000000E+00  1.17134992E-03  0.
   118  1.80000007E-01  0.00000000E+00  0.00000000E+00  0.00000000E+00  1.42007832E-03  0.
   119  1.89999998E-01  0.00000000E+00  0.00000000E+00  0.00000000E+00  1.68814813E-03  0.
   120  2.00000003E-01  0.00000000E+00  0.00000000E+00  0.00000000E+00  1.97521638E-03  0.
   121  2.09999993E-01  0.00000000E+00  0.00000000E+00  0.00000000E+00  2.28100679E-03  0.
   122  2.19999999E-01  0.00000000E+00  0.00000000E+00  0.00000000E+00  2.60529022E-03  0.
   123  2.30000004E-01  0.00000000E+00  0.00000000E+00  0.00000000E+00  2.94786250E-03  0.
   124  2.39999995E-01  0.00000000E+00  0.00000000E+00  0.00000000E+00  3.30860821E-03  0.
   125  2.50000000E-01  0.00000000E+00  0.00000000E+00  0.00000000E+00  3.68732627E-03  0.
   126  2.59999990E-01  0.00000000E+00  0.00000000E+00  0.00000000E+00  4.08391748E-03  0.
   127  2.70000011E-01  0.00000000E+00  0.00000000E+00  0.00000000E+00  4.49827654E-03  0.
   128  2.80000001E-01  0.00000000E+00  0.00000000E+00  0.00000000E+00  4.93030785E-03  0.
   129  2.89999992E-01  0.00000000E+00  0.00000000E+00  0.00000000E+00  5.37992735E-03  0.
   130  3.00000012E-01  0.00000000E+00  0.00000000E+00  0.00000000E+00  5.84706163E-03  0.
   131  3.10000002E-01  0.00000000E+00  0.00000000E+00  0.00000000E+00  6.33164265E-03  0.
   132  3.19999993E-01  0.00000000E+00  0.00000000E+00  0.00000000E+00  6.83360834E-03  0.
   133  3.30000013E-01  0.00000000E+00  0.00000000E+00  0.00000000E+00  7.35290549E-03  0.
   134  3.40000004E-01  0.00000000E+00  0.00000000E+00  0.00000000E+00  7.88948091E-03  0.
   135  3.49999994E-01  0.00000000E+00  0.00000000E+00  0.00000000E+00  8.44328969E-03  0.
   136  3.60000014E-01  0.00000000E+00  0.00000000E+00  0.00000000E+00  9.01429111E-03  0.
   137  3.70000005E-01  0.00000000E+00  0.00000000E+00  0.00000000E+00  9.60244231E-03  0.
   138  3.79999995E-01  0.00000000E+00  0.00000000E+00  0.00000000E+00  1.02077084E-02  0.
   139  3.89999986E-01  0.00000000E+00  0.00000000E+00  0.00000000E+00  1.08300566E-02  0.
   140  4.00000006E-01  0.00000000E+00  0.00000000E+00  0.00000000E+00  1.14694545E-02  0.
   141  4.09999996E-01  0.00000000E+00  0.00000000E+00  0.00000000E+00  1.21258706E-02  0.
   142  4.19999987E-01  0.00000000E+00  0.00000000E+00  0.00000000E+00  1.27992776E-02  0.
   143  4.30000007E-01  0.00000000E+00  0.00000000E+00  0.00000000E+00  1.34896506E-02  0.
   144  4.39999998E-01  0.00000000E+00  0.00000000E+00  0.00000000E+00  1.41969605E-02  0.
   145  4.49999988E-01  0.00000000E+00  0.00000000E+00  0.00000000E+00  1.49211865E-02  0.
   146  4.60000008E-01  0.00000000E+00  0.00000000E+00  0.00000000E+00  1.56623056E-02  0.
   147  4.69999999E-01  0.00000000E+00  0.00000000E+00  0.00000000E+00  1.64202937E-02  0.
   148  4.79999989E-01  0.00000000E+00  0.00000000E+00  0.00000000E+00  1.71951312E-02  0.
   149  4.90000010E-01  0.00000000E+00  0.00000000E+00  0.00000000E+00  1.79867987E-02  0.
   150  5.00000000E-01  0.00000000E+00  0.00000000E+00  0.00000000E+00  1.87952742E-02  0.
   151  5.09999990E-01  0.00000000E+00  0.00000000E+00  0.00000000E+00  1.96205397E-02  0.
   152  5.19999981E-01  0.00000000E+00  0.00000000E+00  0.00000000E+00  2.04625783E-02  0.
   153  5.29999971E-01  0.00000000E+00  0.00000000E+00  0.00000000E+00  2.13213707E-02  0.
   154  5.40000021E-01  0.00000000E+00  0.00000000E+00  0.00000000E+00  2.21969081E-02  0.
   155  5.50000012E-01  0.00000000E+00  0.00000000E+00  0.00000000E+00  2.30891571E-02  0.
   156  5.60000002E-01  0.00000000E+00  0.00000000E+00  0.00000000E+00  2.39981144E-02  0.
   157  5.69999993E-01  0.00000000E+00  0.00000000E+00  0.00000000E+00  2.49237565E-02  0.
   158  5.79999983E-01  0.00000000E+00  0.00000000E+00  0.00000000E+00  2.58660718E-02  0.
   159  5.89999974E-01  0.00000000E+00  0.00000000E+00  0.00000000E+00  2.68250486E-02  0.
   160  6.00000024E-01  0.00000000E+00  0.00000000E+00  0.00000000E+00  2.78006705E-02  0.
   161  6.10000014E-01  0.00000000E+00  0.00000000E+00  0.00000000E+00  2.87929153E-02  0.
   162  6.20000005E-01  0.00000000E+00  0.00000000E+00  0.00000000E+00  2.98017722E-02  0.
   163  6.29999995E-01  0.00000000E+00  0.00000000E+00  0.00000000E+00  3.08272524E-02  0.
   164  6.39999986E-01  0.00000000E+00  0.00000000E+00  0.00000000E+00  3.18692376E-02  0.
   165  6.49999976E-01  0.00000000E+00  0.00000000E+00  0.00000000E+00  3.29278607E-02  0.
   166  6.60000026E-01  0.00000000E+00  0.00000000E+00  0.00000000E+00  3.40030368E-02  0.
   167  6.70000017E-01  0.00000000E+00  0.00000000E+00  0.00000000E+00  3.50947503E-02  0.
   168  6.80000007E-01  0.00000000E+00  0.00000000E+00  0.00000000E+00  3.62029877E-02  0.
   169  6.89999998E-01  0.00000000E+00  0.00000000E+00  0.00000000E+00  3.73277402E-02  0.
   170  6.99999988E-01  0.00000000E+00  0.00000000E+00  0.00000000E+00  3.84689916E-02  0.
   171  7.09999979E-01  0.00000000E+00  0.00000000E+00  0.00000000E+00  3.96267306E-02  0.
   172  7.20000029E-01  0.00000000E+00  0.00000000E+00  0.00000000E+00  4.08009472E-02  0.
   173  7.30000019E-01  0.00000000E+00  0.00000000E+00  0.00000000E+00  4.19916160E-02  0.
   174  7.40000010E-01  0.00000000E+00  0.00000000E+00  0.00000000E+00  4.31987304E-02  0.
   175  7.50000000E-01  0.00000000E+00  0.00000000E+00  0.00000000E+00  4.44222771E-02  0.
   176  7.59999990E-01  0.00000000E+00  0.00000000E+00  0.00000000E+00  4.56622391E-02  0.
   177  7.69999981E-01  0.00000000E+00  0.00000000E+00  0.00000000E+00  4.69186149E-02  0.
   178  7.79999971E-01  0.00000000E+00  0.00000000E+00  0.00000000E+00  4.81913847E-02  0.
   179  7.90000021E-01  0.00000000E+00  0.00000000E+00  0.00000000E+00  4.94805396E-02  0.
   180  8.00000012E-01  0.00000000E+00  0.00000000E+00  0.00000000E+00  5.07860603E-02  0.
   181  8.10000002E-01  0.00000000E+00  0.00000000E+00  0.00000000E+00  5.21079338E-02  0.
   182  8.19999993E-01  0.00000000E+00  0.00000000E+00  0.00000000E+00  5.34461463E-02  0.
   183  8.29999983E-01  0.00000000E+00  0.00000000E+00  0.00000000E+00  5.48006805E-02  0.
   184  8.39999974E-01  0.00000000E+00  0.00000000E+00  0.00000000E+00  5.61715220E-02  0.
   185  8.50000024E-01  0.00000000E+00  0.00000000E+00  0.00000000E+00  5.75586696E-02  0.
   186  8.60000014E-01  0.00000000E+00  0.00000000E+00  0.00000000E+00  5.89620922E-02  0.
   187  8.70000005E-01  0.00000000E+00  0.00000000E+00  0.00000000E+00  6.03817467E-02  0.
   188  8.79999995E-01  0.00000000E+00  0.00000000E+00  0.00000000E+00  6.18177235E-02  0.
   189  8.89999986E-01  0.00000000E+00  0.00000000E+00  0.00000000E+00  6.32699336E-02  0.
   190  8.99999976E-01  0.00000000E+00  0.00000000E+00  0.00000000E+00  6.47383749E-02  0.
   191  9.10000026E-01  0.00000000E+00  0.00000000E+00  0.00000000E+00  6.62230413E-02  0.
   192  9.20000017E-01  0.00000000E+00  0.00000000E+00  0.00000000E+00  6.77238967E-02  0.
   193  9.30000007E-01  0.00000000E+00  0.00000000E+00  0.00000000E+00  6.92409364E-02  0.
   194  9.39999998E-01  0.00000000E+00  0.00000000E+00  0.00000000E+00  7.07741452E-02  0.
   195  9.49999988E-01  0.00000000E+00  0.00000000E+00  0.00000000E+00  7.23235285E-02  0.
   196  9.59999979E-01  0.00000000E+00  0.00000000E+00  0.00000000E+00  7.38890617E-02  0.
   197  9.70000029E-01  0.00000000E+00  0.00000000E+00  0.00000000E+00  7.54707494E-02  0.
   198  9.80000019E-01  0.00000000E+00  0.00000000E+00  0.00000000E+00  7.70685322E-02  0.
   199  9.90000010E-01  0.00000000E+00  0.00000000E+00  0.00000000E+00  7.86824394E-02  0.
STEP   5 TIME  5.00000000E+00
     1 -9.90000010E-01  0.00000000E+00  0.00000000E+00  0.00000000E+00  7.85646728E-02  0.
     2 -9.80000019E-01  0.00000000E+00  0.00000000E+00  0.00000000E+00  7.69523171E-02  0.
     3 -9.70000029E-01  0.00000000E+00  0.00000000E+00  0.00000000E+00  7.53560430E-02  0.
     4 -9.59999979E-01  0.00000000E+00  0.00000000E+00  0.00000000E+00  7.37758785E-02  0.
     5 -9.49999988E-01  0.00000000E+00  0.00000000E+00  0.00000000E+00  7.22118400E-02  0.
     6 -9.39999998E-01  0.00000000E+00  0.00000000E+00  0.00000000E+00  7.06639417E-02  0.
     7 -9.30000007E-01  0.00000000E+00  0.00000000E+00  0.00000000E+00  6.91321947E-02  0.
     8 -9.20000017E-01  0.00000000E+00  0.00000000E+00  0.00000000E+00  6.76166327E-02  0.
     9 -9.10000026E-01  0.00000000E+00  0.00000000E+00  0.00000000E+00  6.61172586E-02  0.
    10 -8.99999976E-01  0.00000000E+00  0.00000000E+00  0.00000000E+00  6.46340831E-02  0.
    11 -8.89999986E-01  0.00000000E+00  0.00000000E+00  0.00000000E+00  6.31671271E-02  0.
    12 -8.79999995E-01  0.00000000E+00  0.00000000E+00  0.00000000E+00  6.17163933E-02  0.
    13 -8.70000005E-01  0.00000000E+00  0.00000000E+00  0.00000000E+00  6.02818991E-02  0.
    14 -8.60000014E-01  0.00000000E+00  0.00000000E+00  0.00000000E+00  5.88636548E-02  0.
    15 -8.50000024E-01  0.00000000E+00  0.00000000E+00  0.00000000E+00  5.74616793E-02  0.
    16 -8.39999974E-01  0.00000000E+00  0.00000000E+00  0.00000000E+00  5.60760128E-02  0.
    17 -8.29999983E-01  0.00000000E+00  0.00000000E+00  0.00000000E+00  5.47065557E-02  0.
    18 -8.19999993E-01  0.00000000E+00  0.00000000E+00  0.00000000E+00  5.33534977E-02  0.
    19 -8.10000002E-01  0.00000000E+00  0.00000000E+00  0.00000000E+00  5.20167448E-02  0.
    20 -8.00000012E-01  0.00000000E+00  0.00000000E+00  0.00000000E+00  5.06963292E-02  0.
    21 -7.90000021E-01  0.00000000E+00  0.00000000E+00  0.00000000E+00  4.93922580E-02  0.
    22 -7.79999971E-01  0.00000000E+00  0.00000000E+00  0.00000000E+00  4.81045438E-02  0.
    23 -7.69999981E-01  0.00000000E+00  0.00000000E+00  0.00000000E+00  4.68332094E-02  0.
    24 -7.59999990E-01  0.00000000E+00  0.00000000E+00  0.00000000E+00  4.55782620E-02  0.
    25 -7.50000000E-01  0.00000000E+00  0.00000000E+00  0.00000000E+00  4.43397188E-02  0.
    26 -7.40000010E-01  0.00000000E+00  0.00000000E+00  0.00000000E+00  4.31175964E-02  0.
    27 -7.30000019E-01  0.00000000E+00  0.00000000E+00  0.00000000E+00  4.19119033E-02  0.
    28 -7.20000029E-01  0.00000000E+00  0.00000000E+00  0.00000000E+00  4.07226547E-02  0.
    29 -7.09999979E-01  0.00000000E+00  0.00000000E+00  0.00000000E+00  3.95498569E-02  0.
    30 -6.99999988E-01  0.00000000E+00  0.00000000E+00  0.00000000E+00  3.83935389E-02  0.
    31 -6.89999998E-01  0.00000000E+00  0.00000000E+00  0.00000000E+00  3.72537036E-02  0.
    32 -6.80000007E-01  0.00000000E+00  0.00000000E+00  0.00000000E+00  3.61303634E-02  0.
    33 -6.70000017E-01  0.00000000E+00  0.00000000E+00  0.00000000E+00  3.50235334E-02  0.
    34 -6.60000026E-01  0.00000000E+00  0.00000000E+00  0.00000000E+00  3.39332245E-02  0.
    35 -6.49999976E-01  0.00000000E+00  0.00000000E+00  0.00000000E+00  3.28594475E-02  0.
    36 -6.39999986E-01  0.00000000E+00  0.00000000E+00  0.00000000E+00  3.18022288E-02  0.
    37 -6.29999995E-01  0.00000000E+00  0.00000000E+00  0.00000000E+00  3.07615739E-02  0.
    38 -6.20000005E-01  0.00000000E+00  0.00000000E+00  0.00000000E+00  2.97374967E-02  0.
    39 -6.10000014E-01  0.00000000E+00  0.00000000E+00  0.00000000E+00  2.87300153E-02  0.
    40 -6.00000024E-01  0.00000000E+00  0.00000000E+00  0.00000000E+00  2.77391401E-02  0.
    41 -5.89999974E-01  0.00000000E+00  0.00000000E+00  0.00000000E+00  2.67648838E-02  0.
    42 -5.79999983E-01  0.00000000E+00  0.00000000E+00  0.00000000E+00  2.58072678E-02  0.
    43 -5.69999993E-01  0.00000000E+00  0.00000000E+00  0.00000000E+00  2.48663063E-02  0.
    44 -5.60000002E-01  0.00000000E+00  0.00000000E+00  0.00000000E+00  2.39420138E-02  0.
    45 -5.50000012E-01  0.00000000E+00  0.00000000E+00  0.00000000E+00  2.30344003E-02  0.
    46 -5.40000021E-01  0.00000000E+00  0.00000000E+00  0.00000000E+00  2.21434918E-02  0.
    47 -5.29999971E-01  0.00000000E+00  0.00000000E+00  0.00000000E+00  2.12692383E-02  0.
    48 -5.19999981E-01  0.00000000E+00  0.00000000E+00  0.00000000E+00  2.04118036E-02  0.
    49 -5.09999990E-01  0.00000000E+00  0.00000000E+00  0.00000000E+00  1.95710885E-02  0.
    50 -5.00000000E-01  0.00000000E+00  0.00000000E+00  0.00000000E+00  1.87471435E-02  0.
    51 -4.90000010E-01  0.00000000E+00  0.00000000E+00  0.00000000E+00  1.79399824E-02  0.
    52 -4.79999989E-01  0.00000000E+00  0.00000000E+00  0.00000000E+00  1.71496242E-02  0.
    53 -4.69999999E-01  0.00000000E+00  0.00000000E+00  0.00000000E+00  1.63760892E-02  0.
    54 -4.60000008E-01  0.00000000E+00  0.00000000E+00  0.00000000E+00  1.56193978E-02  0.
    55 -4.49999988E-01  0.00000000E+00  0.00000000E+00  0.00000000E+00  1.48795697E-02  0.
    56 -4.39999998E-01  0.00000000E+00  0.00000000E+00  0.00000000E+00  1.41566276E-02  0.
    57 -4.30000007E-01  0.00000000E+00  0.00000000E+00  0.00000000E+00  1.34505956E-02  0.
    58 -4.19999987E-01  0.00000000E+00  0.00000000E+00  0.00000000E+00  1.27614937E-02  0.
    59 -4.09999996E-01  0.00000000E+00  0.00000000E+00  0.00000000E+00  1.20893507E-02  0.
    60 -4.00000006E-01  0.00000000E+00  0.00000000E+00  0.00000000E+00  1.14341915E-02  0.
    61 -3.89999986E-01  0.00000000E+00  0.00000000E+00  0.00000000E+00  1.07960436E-02  0.
    62 -3.79999995E-01  0.00000000E+00  0.00000000E+00  0.00000000E+00  1.01749373E-02  0.
    63 -3.70000005E-01  0.00000000E+00  0.00000000E+00  0.00000000E+00  9.57090607E-03  0.
    64 -3.60000014E-01  0.00000000E+00  0.00000000E+00  0.00000000E+00  8.98398173E-03  0.
    65 -3.49999994E-01  0.00000000E+00  0.00000000E+00  0.00000000E+00  8.41419901E-03  0.
    66 -3.40000004E-01  0.00000000E+00  0.00000000E+00  0.00000000E+00  7.86160028E-03  0.
    67 -3.30000013E-01  0.00000000E+00  0.00000000E+00  0.00000000E+00  7.32626700E-03  0.
    68 -3.19999993E-01  0.00000000E+00  0.00000000E+00  0.00000000E+00  6.80814897E-03  0.
    69 -3.10000002E-01  0.00000000E+00  0.00000000E+00  0.00000000E+00  6.30736924E-03  0.
    70 -3.00000012E-01  0.00000000E+00  0.00000000E+00  0.00000000E+00  5.82396464E-03  0.
    71 -2.89999992E-01  0.00000000E+00  0.00000000E+00  0.00000000E+00  5.35799556E-03  0.
    72 -2.80000001E-01  0.00000000E+00  0.00000000E+00  0.00000000E+00  4.90953151E-03  0.
    73 -2.70000011E-01  0.00000000E+00  0.00000000E+00  0.00000000E+00  4.47864532E-03  0.
    74 -2.59999990E-01  0.00000000E+00  0.00000000E+00  0.00000000E+00  4.06541937E-03  0.
    75 -2.50000000E-01  0.00000000E+00  0.00000000E+00  0.00000000E+00  3.66994932E-03  0.
    76 -2.39999995E-01  0.00000000E+00  0.00000000E+00  0.00000000E+00  3.29234143E-03  0.
    77 -2.30000004E-01  0.00000000E+00  0.00000000E+00  0.00000000E+00  2.93271759E-03  0.
    78 -2.19999999E-01  0.00000000E+00  0.00000000E+00  0.00000000E+00  2.59121770E-03  0.
    79 -2.09999993E-01  0.00000000E+00  0.00000000E+00  0.00000000E+00  2.26800621E-03  0.
    80 -2.00000003E-01  0.00000000E+00  0.00000000E+00  0.00000000E+00  1.96327560E-03  0.
    81 -1.89999998E-01  0.00000000E+00  0.00000000E+00  0.00000000E+00  1.67725525E-03  0.
    82 -1.80000007E-01  0.00000000E+00  0.00000000E+00  0.00000000E+00  1.41022080E-03  0.
    83 -1.70000002E-01  0.00000000E+00  0.00000000E+00  0.00000000E+00  1.16251668E-03  0.
    84 -1.59999996E-01  0.00000000E+00  0.00000000E+00  0.00000000E+00  9.34557420E-04  0.
    85 -1.50000006E-01  0.00000000E+00  0.00000000E+00  0.00000000E+00  7.26918108E-04  0.
    86 -1.40000001E-01  0.00000000E+00  0.00000000E+00  0.00000000E+00  5.40261827E-04  0.
    87 -1.29999995E-01  0.00000000E+00  0.00000000E+00  0.00000000E+00  3.75735872E-04  0.
    88 -1.19999997E-01  0.00000000E+00  0.00000000E+00  0.00000000E+00  2.34482370E-04  0.
    89 -1.09999999E-01  0.00000000E+00  0.00000000E+00  0.00000000E+00  1.19696566E-04  0.
    90 -1.00000001E-01  0.00000000E+00  0.00000000E+00  0.00000000E+00  3.35657454E-05  0.
    91 -9.00000036E-02  1.60213254E+02 -9.61279526E+01  3.03227406E-04 -8.01066272E-07  2.
    92 -7.99999982E-02  3.94155776E+02 -2.36493466E+02  1.42326188E-04 -1.97077888E-06  2.
    93 -7.00000003E-02  5.35490249E+02 -3.21294149E+02  2.73459819E-05 -2.67745125E-06  2.
    94 -5.99999987E-02  6.28622237E+02 -2.46147309E+02  3.49936254E-07 -3.14311119E-06  1.
    95 -5.00000007E-02  6.98042730E+02 -1.92909470E+02  0.00000000E+00 -3.49021365E-06  1.
    96 -3.99999991E-02  7.49902963E+02 -1.70222582E+02  0.00000000E+00 -3.74951481E-06  1.
    97 -2.99999993E-02  7.88027732E+02 -1.57747304E+02  0.00000000E+00 -3.94013866E-06  1.
    98 -1.99999996E-02  8.13986367E+02 -1.50743864E+02  0.00000000E+00 -4.06993184E-06  1.
    99 -9.99999978E-03  8.29125956E+02 -1.47865531E+02  0.00000000E+00 -4.14562978E-06  1.
   100  0.00000000E+00  8.33988568E+02 -1.47007228E+02  0.00000000E+00 -4.16994284E-06  1.
   101  9.99999978E-03  8.28777509E+02 -1.48669728E+02  0.00000000E+00 -4.14388754E-06  1.
   102  1.99999996E-02  8.13294193E+02 -1.53760982E+02  0.00000000E+00 -4.06647096E-06  1.
   103  2.99999993E-02  7.86946867E+02 -1.61750322E+02  0.00000000E+00 -3.93473433E-06  1.
   104  3.99999991E-02  7.48619507E+02 -1.74892549E+02  0.00000000E+00 -3.74309753E-06  1.
   105  5.00000007E-02  6.96304962E+02 -1.99288806E+02  0.00000000E+00 -3.48152481E-06  1.
   106  5.99999987E-02  6.25615427E+02 -2.59792524E+02  3.49936254E-07 -3.12807714E-06  1.
   107  7.00000003E-02  5.32180243E+02 -3.19308146E+02  2.38824380E-05 -2.66090122E-06  2.
   108  7.99999982E-02  3.88249917E+02 -2.32949950E+02  1.37695518E-04 -1.94124959E-06  2.
   109  9.00000036E-02  1.46774724E+02 -8.80648342E+01  2.98209044E-04 -7.33873619E-07  2.
   110  1.00000001E-01  0.00000000E+00  0.00000000E+00  0.00000000E+00  3.75743309E-05  0.
   111  1.09999999E-01  0.00000000E+00  0.00000000E+00  0.00000000E+00  1.25796672E-04  0.
   112  1.19999997E-01  0.00000000E+00  0.00000000E+00  0.00000000E+00  2.42740444E-04  0.
   113  1.29999995E-01  0.00000000E+00  0.00000000E+00  0.00000000E+00  3.86034338E-04  0.
   114  1.40000001E-01  0.00000000E+00  0.00000000E+00  0.00000000E+00  5.52641448E-04  0.
   115  1.50000006E-01  0.00000000E+00  0.00000000E+00  0.00000000E+00  7.41355202E-04  0.
   116  1.59999996E-01  0.00000000E+00  0.00000000E+00  0.00000000E+00  9.51067321E-04  0.
   117  1.70000002E-01  0.00000000E+00  0.00000000E+00  0.00000000E+00  1.18115050E-03  0.
   118  1.80000007E-01  0.00000000E+00  0.00000000E+00  0.00000000E+00  1.43098191E-03  0.
   119  1.89999998E-01  0.00000000E+00  0.00000000E+00  0.00000000E+00  1.70016568E-03  0.
   120  2.00000003E-01  0.00000000E+00  0.00000000E+00  0.00000000E+00  1.98836123E-03  0.
   121  2.09999993E-01  0.00000000E+00  0.00000000E+00  0.00000000E+00  2.29529088E-03  0.
   122  2.19999999E-01  0.00000000E+00  0.00000000E+00  0.00000000E+00  2.62072820E-03  0.
   123  2.30000004E-01  0.00000000E+00  0.00000000E+00  0.00000000E+00  2.96447472E-03  0.
   124  2.39999995E-01  0.00000000E+00  0.00000000E+00  0.00000000E+00  3.32636749E-03  0.
   125  2.50000000E-01  0.00000000E+00  0.00000000E+00  0.00000000E+00  3.70626631E-03  0.
   126  2.59999990E-01  0.00000000E+00  0.00000000E+00  0.00000000E+00  4.10404854E-03  0.
   127  2.70000011E-01  0.00000000E+00  0.00000000E+00  0.00000000E+00  4.51960786E-03  0.
   128  2.80000001E-01  0.00000000E+00  0.00000000E+00  0.00000000E+00  4.95284785E-03  0.
   129  2.89999992E-01  0.00000000E+00  0.00000000E+00  0.00000000E+00  5.40368573E-03  0.
   130  3.00000012E-01  0.00000000E+00  0.00000000E+00  0.00000000E+00  5.87204802E-03  0.
   131  3.10000002E-01  0.00000000E+00  0.00000000E+00  0.00000000E+00  6.35786454E-03  0.
   132  3.19999993E-01  0.00000000E+00  0.00000000E+00  0.00000000E+00  6.86107520E-03  0.
   133  3.30000013E-01  0.00000000E+00  0.00000000E+00  0.00000000E+00  7.38162669E-03  0.
   134  3.40000004E-01  0.00000000E+00  0.00000000E+00  0.00000000E+00  7.91946529E-03  0.
   135  3.49999994E-01  0.00000000E+00  0.00000000E+00  0.00000000E+00  8.47454595E-03  0.
   136  3.60000014E-01  0.00000000E+00  0.00000000E+00  0.00000000E+00  9.04682772E-03  0.
   137  3.70000005E-01  0.00000000E+00  0.00000000E+00  0.00000000E+00  9.63626764E-03  0.
   138  3.79999995E-01  0.00000000E+00  0.00000000E+00  0.00000000E+00  1.02428306E-02  0.
   139  3.89999986E-01  0.00000000E+00  0.00000000E+00  0.00000000E+00  1.08664828E-02  0.
   140  4.00000006E-01  0.00000000E+00  0.00000000E+00  0.00000000E+00  1.15071933E-02  0.
   141  4.09999996E-01  0.00000000E+00  0.00000000E+00  0.00000000E+00  1.21649289E-02  0.
   142  4.19999987E-01  0.00000000E+00  0.00000000E+00  0.00000000E+00  1.28396627E-02  0.
   143  4.30000007E-01  0.00000000E+00  0.00000000E+00  0.00000000E+00  1.35313700E-02  0.
   144  4.39999998E-01  0.00000000E+00  0.00000000E+00  0.00000000E+00  1.42400214E-02  0.
   145  4.49999988E-01  0.00000000E+00  0.00000000E+00  0.00000000E+00  1.49655949E-02  0.
   146  4.60000008E-01  0.00000000E+00  0.00000000E+00  0.00000000E+00  1.57080691E-02  0.
   147  4.69999999E-01  0.00000000E+00  0.00000000E+00  0.00000000E+00  1.64674182E-02  0.
   148  4.79999989E-01  0.00000000E+00  0.00000000E+00  0.00000000E+00  1.72436229E-02  0.
   149  4.90000010E-01  0.00000000E+00  0.00000000E+00  0.00000000E+00  1.80366648E-02  0.
   150  5.00000000E-01  0.00000000E+00  0.00000000E+00  0.00000000E+00  1.88465201E-02  0.
   151  5.09999990E-01  0.00000000E+00  0.00000000E+00  0.00000000E+00  1.96731719E-02  0.
   152  5.19999981E-01  0.00000000E+00  0.00000000E+00  0.00000000E+00  2.05166021E-02  0.
   153  5.29999971E-01  0.00000000E+00  0.00000000E+00  0.00000000E+00  2.13767924E-02  0.
   154  5.40000021E-01  0.00000000E+00  0.00000000E+00  0.00000000E+00  2.22537319E-02  0.
   155  5.50000012E-01  0.00000000E+00  0.00000000E+00  0.00000000E+00  2.31473909E-02  0.
   156  5.60000002E-01  0.00000000E+00  0.00000000E+00  0.00000000E+00  2.40577610E-02  0.
   157  5.69999993E-01  0.00000000E+00  0.00000000E+00  0.00000000E+00  2.49848233E-02  0.
   158  5.79999983E-01  0.00000000E+00  0.00000000E+00  0.00000000E+00  2.59285635E-02  0.
   159  5.89999974E-01  0.00000000E+00  0.00000000E+00  0.00000000E+00  2.68889664E-02  0.
   160  6.00000024E-01  0.00000000E+00  0.00000000E+00  0.00000000E+00  2.78660208E-02  0.
   161  6.10000014E-01  0.00000000E+00  0.00000000E+00  0.00000000E+00  2.88597020E-02  0.
   162  6.20000005E-01  0.00000000E+00  0.00000000E+00  0.00000000E+00  2.98699991E-02  0.
   163  6.29999995E-01  0.00000000E+00  0.00000000E+00  0.00000000E+00  3.08968998E-02  0.
   164  6.39999986E-01  0.00000000E+00  0.00000000E+00  0.00000000E+00  3.19403875E-02  0.
   165  6.49999976E-01  0.00000000E+00  0.00000000E+00  0.00000000E+00  3.30004473E-02  0.
   166  6.60000026E-01  0.00000000E+00  0.00000000E+00  0.00000000E+00  3.40770733E-02  0.
   167  6.70000017E-01  0.00000000E+00  0.00000000E+00  0.00000000E+00  3.51702397E-02  0.
   168  6.80000007E-01  0.00000000E+00  0.00000000E+00  0.00000000E+00  3.62799345E-02  0.
   169  6.89999998E-01  0.00000000E+00  0.00000000E+00  0.00000000E+00  3.74061475E-02  0.
   170  6.99999988E-01  0.00000000E+00  0.00000000E+00  0.00000000E+00  3.85488694E-02  0.
   171  7.09999979E-01  0.00000000E+00  0.00000000E+00  0.00000000E+00  3.97080820E-02  0.
   172  7.20000029E-01  0.00000000E+00  0.00000000E+00  0.00000000E+00  4.08837976E-02  0.
   173  7.30000019E-01  0.00000000E+00  0.00000000E+00  0.00000000E+00  4.20759011E-02  0.
   174  7.40000010E-01  0.00000000E+00  0.00000000E+00  0.00000000E+00  4.32845111E-02  0.
   175  7.50000000E-01  0.00000000E+00  0.00000000E+00  0.00000000E+00  4.45095581E-02  0.
   176  7.59999990E-01  0.00000000E+00  0.00000000E+00  0.00000000E+00  4.57510200E-02  0.
   177  7.69999981E-01  0.00000000E+00  0.00000000E+00  0.00000000E+00  4.70088951E-02  0.
   178  7.79999971E-01  0.00000000E+00  0.00000000E+00  0.00000000E+00  4.82831646E-02  0.
   179  7.90000021E-01  0.00000000E+00  0.00000000E+00  0.00000000E+00  4.95738191E-02  0.
   180  8.00000012E-01  0.00000000E+00  0.00000000E+00  0.00000000E+00  5.08808360E-02  0.
   181  8.10000002E-01  0.00000000E+00  0.00000000E+00  0.00000000E+00  5.22042046E-02  0.
   182  8.19999993E-01  0.00000000E+00  0.00000000E+00  0.00000000E+00  5.35439172E-02  0.
   183  8.29999983E-01  0.00000000E+00  0.00000000E+00  0.00000000E+00  5.48999652E-02  0.
   184  8.39999974E-01  0.00000000E+00  0.00000000E+00  0.00000000E+00  5.62723239E-02  0.
   185  8.50000024E-01  0.00000000E+00  0.00000000E+00  0.00000000E+00  5.76609996E-02  0.
   186  8.60000014E-01  0.00000000E+00  0.00000000E+00  0.00000000E+00  5.90659577E-02  0.
   187  8.70000005E-01  0.00000000E+00  0.00000000E+00  0.00000000E+00  6.04871876E-02  0.
   188  8.79999995E-01  0.00000000E+00  0.00000000E+00  0.00000000E+00  6.19246728E-02  0.
   189  8.89999986E-01  0.00000000E+00  0.00000000E+00  0.00000000E+00  6.33784037E-02  0.
   190  8.99999976E-01  0.00000000E+00  0.00000000E+00  0.00000000E+00  6.48483599E-02  0.
   191  9.10000026E-01  0.00000000E+00  0.00000000E+00  0.00000000E+00  6.63344983E-02  0.
   192  9.20000017E-01  0.00000000E+00  0.00000000E+00  0.00000000E+00  6.78369151E-02  0.
   193  9.30000007E-01  0.00000000E+00  0.00000000E+00  0.00000000E+00  6.93555070E-02  0.
   194  9.39999998E-01  0.00000000E+00  0.00000000E+00  0.00000000E+00  7.08902772E-02  0.
   195  9.49999988E-01  0.00000000E+00  0.00000000E+00  0.00000000E+00  7.24412109E-02  0.
   196  9.59999979E-01  0.00000000E+00  0.00000000E+00  0.00000000E+00  7.40082869E-02  0.
   197  9.70000029E-01  0.00000000E+00  0.00000000E+00  0.00000000E+00  7.55915189E-02  0.
   198  9.80000019E-01  0.00000000E+00  0.00000000E+00  0.00000000E+00  7.71908414E-02  0.
   199  9.90000010E-01  0.00000000E+00  0.00000000E+00  0.00000000E+00  7.88063667E-02  0.
