STEP   1 TIME  1.00000000E+00
     1 -9.90000010E-01  0.00000000E+00  0.00000000E+00  0.00000000E+00  8.09688748E-02  0.
     2 -9.80000019E-01  0.00000000E+00  0.00000000E+00  0.00000000E+00  7.93491603E-02  0.
     3 -9.70000029E-01  0.00000000E+00  0.00000000E+00  0.00000000E+00  7.77454688E-02  0.
     4 -9.59999979E-01  0.00000000E+00  0.00000000E+00  0.00000000E+00  7.61577984E-02  0.
     5 -9.49999988E-01  0.00000000E+00  0.00000000E+00  0.00000000E+00  7.45861817E-02  0.
     6 -9.39999998E-01  0.00000000E+00  0.00000000E+00  0.00000000E+00  7.30306231E-02  0.
     7 -9.30000007E-01  0.00000000E+00  0.00000000E+00  0.00000000E+00  7.14911510E-02  0.
     8 -9.20000017E-01  0.00000000E+00  0.00000000E+00  0.00000000E+00  6.99677718E-02  0.
     9 -9.10000026E-01  0.00000000E+00  0.00000000E+00  0.00000000E+00  6.84604967E-02  0.
    10 -8.99999976E-01  0.00000000E+00  0.00000000E+00  0.00000000E+00  6.69693191E-02  0.
    11 -8.89999986E-01  0.00000000E+00  0.00000000E+00  0.00000000E+00  6.54942718E-02  0.
    12 -8.79999995E-01  0.00000000E+00  0.00000000E+00  0.00000000E+00  6.40353535E-02  0.
    13 -8.70000005E-01  0.00000000E+00  0.00000000E+00  0.00000000E+00  6.25925816E-02  0.
    14 -8.60000014E-01  0.00000000E+00  0.00000000E+00  0.00000000E+00  6.11659821E-02  0.
    15 -8.50000024E-01  0.00000000E+00  0.00000000E+00  0.00000000E+00  5.97555081E-02  0.
    16 -8.39999974E-01  0.00000000E+00  0.00000000E+00  0.00000000E+00  5.83612915E-02  0.
    17 -8.29999983E-01  0.00000000E+00  0.00000000E+00  0.00000000E+00  5.69832429E-02  0.
    18 -8.19999993E-01  0.00000000E+00  0.00000000E+00  0.00000000E+00  5.56213927E-02  0.
    19 -8.10000002E-01  0.00000000E+00  0.00000000E+00  0.00000000E+00  5.42757530E-02  0.
    20 -8.00000012E-01  0.00000000E+00  0.00000000E+00  0.00000000E+00  5.29463399E-02  0.
    21 -7.90000021E-01  0.00000000E+00  0.00000000E+00  0.00000000E+00  5.16331599E-02  0.
    22 -7.79999971E-01  0.00000000E+00  0.00000000E+00  0.00000000E+00  5.03362206E-02  0.
    23 -7.69999981E-01  0.00000000E+00  0.00000000E+00  0.00000000E+00  4.90555471E-02  0.
    24 -7.59999990E-01  0.00000000E+00  0.00000000E+00  0.00000000E+00  4.77911479E-02  0.
    25 -7.50000000E-01  0.00000000E+00  0.00000000E+00  0.00000000E+00  4.65430296E-02  0.
    26 -7.40000010E-01  0.00000000E+00  0.00000000E+00  0.00000000E+00  4.53111990E-02  0.
    27 -7.30000019E-01  0.00000000E+00  0.00000000E+00  0.00000000E+00  4.40956752E-02  0.
    28 -7.20000029E-01  0.00000000E+00  0.00000000E+00  0.00000000E+00  4.28964599E-02  0.
    29 -7.09999979E-01  0.00000000E+00  0.00000000E+00  0.00000000E+00  4.17135561E-02  0.
    30 -6.99999988E-01  0.00000000E+00  0.00000000E+00  0.00000000E+00  4.05469861E-02  0.
    31 -6.89999998E-01  0.00000000E+00  0.00000000E+00  0.00000000E+00  3.93967551E-02  0.
    32 -6.80000007E-01  0.00000000E+00  0.00000000E+00  0.00000000E+00  3.82628710E-02  0.
    33 -6.70000017E-01  0.00000000E+00  0.00000000E+00  0.00000000E+00  3.71453453E-02  0.
    34 -6.60000026E-01  0.00000000E+00  0.00000000E+00  0.00000000E+00  3.60441832E-02  0.
    35 -6.49999976E-01  0.00000000E+00  0.00000000E+00  0.00000000E+00  3.49593925E-02  0.
    36 -6.39999986E-01  0.00000000E+00  0.00000000E+00  0.00000000E+00  3.38909945E-02  0.
    37 -6.29999995E-01  0.00000000E+00  0.00000000E+00  0.00000000E+00  3.28389890E-02  0.
    38 -6.20000005E-01  0.00000000E+00  0.00000000E+00  0.00000000E+00  3.18033846E-02  0.
    39 -6.10000014E-01  0.00000000E+00  0.00000000E+00  0.00000000E+00  3.07841979E-02  0.
    40 -6.00000024E-01  0.00000000E+00  0.00000000E+00  0.00000000E+00  2.97814387E-02  0.
    41 -5.89999974E-01  0.00000000E+00  0.00000000E+00  0.00000000E+00  2.87950918E-02  0.
    42 -5.79999983E-01  0.00000000E+00  0.00000000E+00  0.00000000E+00  2.78251900E-02  0.
    43 -5.69999993E-01  0.00000000E+00  0.00000000E+00  0.00000000E+00  2.68717375E-02  0.
    44 -5.60000002E-01  0.00000000E+00  0.00000000E+00  0.00000000E+00  2.59347396E-02  0.
    45 -5.50000012E-01  0.00000000E+00  0.00000000E+00  0.00000000E+00  2.50141989E-02  0.
    46 -5.40000021E-01  0.00000000E+00  0.00000000E+00  0.00000000E+00  2.41101326E-02  0.
    47 -5.29999971E-01  0.00000000E+00  0.00000000E+00  0.00000000E+00  2.32225357E-02  0.
    48 -5.19999981E-01  0.00000000E+00  0.00000000E+00  0.00000000E+00  2.23514318E-02  0.
    49 -5.09999990E-01  0.00000000E+00  0.00000000E+00  0.00000000E+00  2.14968192E-02  0.
    50 -5.00000000E-01  0.00000000E+00  0.00000000E+00  0.00000000E+00  2.06587075E-02  0.
    51 -4.90000010E-01  0.00000000E+00  0.00000000E+00  0.00000000E+00  1.98371024E-02  0.
    52 -4.79999989E-01  0.00000000E+00  0.00000000E+00  0.00000000E+00  1.90320107E-02  0.
    53 -4.69999999E-01  0.00000000E+00  0.00000000E+00  0.00000000E+00  1.82434416E-02  0.
    54 -4.60000008E-01  0.00000000E+00  0.00000000E+00  0.00000000E+00  1.74714018E-02  0.
    55 -4.49999988E-01  0.00000000E+00  0.00000000E+00  0.00000000E+00  1.67158968E-02  0.
    56 -4.39999998E-01  0.00000000E+00  0.00000000E+00  0.00000000E+00  1.59769355E-02  0.
    57 -4.30000007E-01  0.00000000E+00  0.00000000E+00  0.00000000E+00  1.52545249E-02  0.
    58 -4.19999987E-01  0.00000000E+00  0.00000000E+00  0.00000000E+00  1.45486685E-02  0.
    59 -4.09999996E-01  0.00000000E+00  0.00000000E+00  0.00000000E+00  1.38593768E-02  0.
    60 -4.00000006E-01  0.00000000E+00  0.00000000E+00  0.00000000E+00  1.31866545E-02  0.
    61 -3.89999986E-01  0.00000000E+00  0.00000000E+00  0.00000000E+00  1.25305072E-02  0.
    62 -3.79999995E-01  0.00000000E+00  0.00000000E+00  0.00000000E+00  1.18909430E-02  0.
    63 -3.70000005E-01  0.00000000E+00  0.00000000E+00  0.00000000E+00  1.12679689E-02  0.
    64 -3.60000014E-01  0.00000000E+00  0.00000000E+00  0.00000000E+00  1.06615898E-02  0.
    65 -3.49999994E-01  0.00000000E+00  0.00000000E+00  0.00000000E+00  1.00718103E-02  0.
    66 -3.40000004E-01  0.00000000E+00  0.00000000E+00  0.00000000E+00  9.49864034E-03  0.
    67 -3.30000013E-01  0.00000000E+00  0.00000000E+00  0.00000000E+00  8.94208426E-03  0.
    68 -3.19999993E-01  0.00000000E+00  0.00000000E+00  0.00000000E+00  8.40214660E-03  0.
    69 -3.10000002E-01  0.00000000E+00  0.00000000E+00  0.00000000E+00  7.87883795E-03  0.
    70 -3.00000012E-01  0.00000000E+00  0.00000000E+00  0.00000000E+00  7.37216283E-03  0.
    71 -2.89999992E-01  0.00000000E+00  0.00000000E+00  0.00000000E+00  6.88212596E-03  0.
    72 -2.80000001E-01  0.00000000E+00  0.00000000E+00  0.00000000E+00  6.40873664E-03  0.
    73 -2.70000011E-01  0.00000000E+00  0.00000000E+00  0.00000000E+00  5.95200076E-03  0.
    74 -2.59999990E-01  0.00000000E+00  0.00000000E+00  0.00000000E+00  5.51192462E-03  0.
    75 -2.50000000E-01  0.00000000E+00  0.00000000E+00  0.00000000E+00  5.08851606E-03  0.
    76 -2.39999995E-01  0.00000000E+00  0.00000000E+00  0.00000000E+00  4.68178152E-03  0.
    77 -2.30000004E-01  0.00000000E+00  0.00000000E+00  0.00000000E+00  4.29172783E-03  0.
    78 -2.19999999E-01  0.00000000E+00  0.00000000E+00  0.00000000E+00  3.91836787E-03  0.
    79 -2.09999993E-01  0.00000000E+00  0.00000000E+00  0.00000000E+00  3.56170435E-03  0.
    80 -2.00000003E-01  0.00000000E+00  0.00000000E+00  0.00000000E+00  3.22174882E-03  0.
    81 -1.89999998E-01  0.00000000E+00  0.00000000E+00  0.00000000E+00  2.89851023E-03  0.
    82 -1.80000007E-01  0.00000000E+00  0.00000000E+00  0.00000000E+00  2.59200116E-03  0.
    83 -1.70000002E-01  0.00000000E+00  0.00000000E+00  0.00000000E+00  2.30223279E-03  0.
    84 -1.59999996E-01  0.00000000E+00  0.00000000E+00  0.00000000E+00  2.02922014E-03  0.
    85 -1.50000006E-01  0.00000000E+00  0.00000000E+00  0.00000000E+00  1.77297984E-03  0.
    86 -1.40000001E-01  0.00000000E+00  0.00000000E+00  0.00000000E+00  1.53353057E-03  0.
    87 -1.29999995E-01  0.00000000E+00  0.00000000E+00  0.00000000E+00  1.31089576E-03  0.
    88 -1.19999997E-01  0.00000000E+00  0.00000000E+00  0.00000000E+00  1.10510376E-03  0.
    89 -1.09999999E-01  0.00000000E+00  0.00000000E+00  0.00000000E+00  9.16189074E-04  0.
    90 -1.00000001E-01  0.00000000E+00  0.00000000E+00  0.00000000E+00  7.44197027E-04  0.
    91 -9.00000036E-02  0.00000000E+00  0.00000000E+00  0.00000000E+00  5.89185033E-04  0.
    92 -7.99999982E-02  0.00000000E+00  0.00000000E+00  0.00000000E+00  4.51235835E-04  0.
    93 -7.00000003E-02  0.00000000E+00  0.00000000E+00  0.00000000E+00  3.30455582E-04  0.
    94 -5.99999987E-02  0.00000000E+00  0.00000000E+00  0.00000000E+00  2.27029039E-04  0.
    95 -5.00000007E-02  0.00000000E+00  0.00000000E+00  0.00000000E+00  1.41191292E-04  0.
    96 -3.99999991E-02  0.00000000E+00  0.00000000E+00  0.00000000E+00  7.35083414E-05  0.
    97 -2.99999993E-02  0.00000000E+00  0.00000000E+00  0.00000000E+00  2.47247622E-05  0.
    98 -1.99999996E-02  4.16502396E+01  5.92637020E-01  0.00000000E+00 -2.08251198E-07  1.
    99 -9.99999978E-03  1.39934540E+02  1.25962919E-01  0.00000000E+00 -6.99672698E-07  1.
   100  0.00000000E+00  1.73129878E+02 -2.27062699E-13  0.00000000E+00 -8.65649389E-07  1.
   101  9.99999978E-03  1.39934540E+02 -1.25962919E-01  0.00000000E+00 -6.99672698E-07  1.
   102  1.99999996E-02  4.16502396E+01 -5.92637020E-01  0.00000000E+00 -2.08251198E-07  1.
   103  2.99999993E-02  0.00000000E+00  0.00000000E+00  0.00000000E+00  2.47247622E-05  0.
   104  3.99999991E-02  0.00000000E+00  0.00000000E+00  0.00000000E+00  7.35083414E-05  0.
   105  5.00000007E-02  0.00000000E+00  0.00000000E+00  0.00000000E+00  1.41191292E-04  0.
   106  5.99999987E-02  0.00000000E+00  0.00000000E+00  0.00000000E+00  2.27029039E-04  0.
   107  7.00000003E-02  0.00000000E+00  0.00000000E+00  0.00000000E+00  3.30455582E-04  0.
   108  7.99999982E-02  0.00000000E+00  0.00000000E+00  0.00000000E+00  4.51235835E-04  0.
   109  9.00000036E-02  0.00000000E+00  0.00000000E+00  0.00000000E+00  5.89185033E-04  0.
   110  1.00000001E-01  0.00000000E+00  0.00000000E+00  0.00000000E+00  7.44197027E-04  0.
   111  1.09999999E-01  0.00000000E+00  0.00000000E+00  0.00000000E+00  9.16189074E-04  0.
   112  1.19999997E-01  0.00000000E+00  0.00000000E+00  0.00000000E+00  1.10510376E-03  0.
   113  1.29999995E-01  0.00000000E+00  0.00000000E+00  0.00000000E+00  1.31089576E-03  0.
   114  1.40000001E-01  0.00000000E+00  0.00000000E+00  0.00000000E+00  1.53353057E-03  0.
   115  1.50000006E-01  0.00000000E+00  0.00000000E+00  0.00000000E+00  1.77297984E-03  0.
   116  1.59999996E-01  0.00000000E+00  0.00000000E+00  0.00000000E+00  2.02922014E-03  0.
   117  1.70000002E-01  0.00000000E+00  0.00000000E+00  0.00000000E+00  2.30223279E-03  0.
   118  1.80000007E-01  0.00000000E+00  0.00000000E+00  0.00000000E+00  2.59200116E-03  0.
   119  1.89999998E-01  0.00000000E+00  0.00000000E+00  0.00000000E+00  2.89851023E-03  0.
   120  2.00000003E-01  0.00000000E+00  0.00000000E+00  0.00000000E+00  3.22174882E-03  0.
   121  2.09999993E-01  0.00000000E+00  0.00000000E+00  0.00000000E+00  3.56170435E-03  0.
   122  2.19999999E-01  0.00000000E+00  0.00000000E+00  0.00000000E+00  3.91836787E-03  0.
   123  2.30000004E-01  0.00000000E+00  0.00000000E+00  0.00000000E+00  4.29172783E-03  0.
   124  2.39999995E-01  0.00000000E+00  0.00000000E+00  0.00000000E+00  4.68178152E-03  0.
   125  2.50000000E-01  0.00000000E+00  0.00000000E+00  0.00000000E+00  5.08851606E-03  0.
   126  2.59999990E-01  0.00000000E+00  0.00000000E+00  0.00000000E+00  5.51192462E-03  0.
   127  2.70000011E-01  0.00000000E+00  0.00000000E+00  0.00000000E+00  5.95200076E-03  0.
   128  2.80000001E-01  0.00000000E+00  0.00000000E+00  0.00000000E+00  6.40873664E-03  0.
   129  2.89999992E-01  0.00000000E+00  0.00000000E+00  0.00000000E+00  6.88212596E-03  0.
   130  3.00000012E-01  0.00000000E+00  0.00000000E+00  0.00000000E+00  7.37216283E-03  0.
   131  3.10000002E-01  0.00000000E+00  0.00000000E+00  0.00000000E+00  7.87883795E-03  0.
   132  3.19999993E-01  0.00000000E+00  0.00000000E+00  0.00000000E+00  8.40214660E-03  0.
   133  3.30000013E-01  0.00000000E+00  0.00000000E+00  0.00000000E+00  8.94208426E-03  0.
   134  3.40000004E-01  0.00000000E+00  0.00000000E+00  0.00000000E+00  9.49864034E-03  0.
   135  3.49999994E-01  0.00000000E+00  0.00000000E+00  0.00000000E+00  1.00718103E-02  0.
   136  3.60000014E-01  0.00000000E+00  0.00000000E+00  0.00000000E+00  1.06615898E-02  0.
   137  3.70000005E-01  0.00000000E+00  0.00000000E+00  0.00000000E+00  1.12679689E-02  0.
   138  3.79999995E-01  0.00000000E+00  0.00000000E+00  0.00000000E+00  1.18909430E-02  0.
   139  3.89999986E-01  0.00000000E+00  0.00000000E+00  0.00000000E+00  1.25305072E-02  0.
   140  4.00000006E-01  0.00000000E+00  0.00000000E+00  0.00000000E+00  1.31866545E-02  0.
   141  4.09999996E-01  0.00000000E+00  0.00000000E+00  0.00000000E+00  1.38593768E-02  0.
   142  4.19999987E-01  0.00000000E+00  0.00000000E+00  0.00000000E+00  1.45486685E-02  0.
   143  4.30000007E-01  0.00000000E+00  0.00000000E+00  0.00000000E+00  1.52545249E-02  0.
   144  4.39999998E-01  0.00000000E+00  0.00000000E+00  0.00000000E+00  1.59769355E-02  0.
   145  4.49999988E-01  0.00000000E+00  0.00000000E+00  0.00000000E+00  1.67158968E-02  0.
   146  4.60000008E-01  0.00000000E+00  0.00000000E+00  0.00000000E+00  1.74714018E-02  0.
   147  4.69999999E-01  0.00000000E+00  0.00000000E+00  0.00000000E+00  1.82434416E-02  0.
   148  4.79999989E-01  0.00000000E+00  0.00000000E+00  0.00000000E+00  1.90320107E-02  0.
   149  4.90000010E-01  0.00000000E+00  0.00000000E+00  0.00000000E+00  1.98371024E-02  0.
   150  5.00000000E-01  0.00000000E+00  0.00000000E+00  0.00000000E+00  2.06587075E-02  0.
   151  5.09999990E-01  0.00000000E+00  0.00000000E+00  0.00000000E+00  2.14968192E-02  0.
   152  5.19999981E-01  0.00000000E+00  0.00000000E+00  0.00000000E+00  2.23514318E-02  0.
   153  5.29999971E-01  0.00000000E+00  0.00000000E+00  0.00000000E+00  2.32225357E-02  0.
   154  5.40000021E-01  0.00000000E+00  0.00000000E+00  0.00000000E+00  2.41101326E-02  0.
   155  5.50000012E-01  0.00000000E+00  0.00000000E+00  0.00000000E+00  2.50141989E-02  0.
   156  5.60000002E-01  0.00000000E+00  0.00000000E+00  0.00000000E+00  2.59347396E-02  0.
   157  5.69999993E-01  0.00000000E+00  0.00000000E+00  0.00000000E+00  2.68717375E-02  0.
   158  5.79999983E-01  0.00000000E+00  0.00000000E+00  0.00000000E+00  2.78251900E-02  0.
   159  5.89999974E-01  0.00000000E+00  0.00000000E+00  0.00000000E+00  2.87950918E-02  0.
   160  6.00000024E-01  0.00000000E+00  0.00000000E+00  0.00000000E+00  2.97814430E-02  0.
   161  6.10000014E-01  0.00000000E+00  0.00000000E+00  0.00000000E+00  3.07841871E-02  0.
   162  6.20000005E-01  0.00000000E+00  0.00000000E+00  0.00000000E+00  3.18033846E-02  0.
   163  6.29999995E-01  0.00000000E+00  0.00000000E+00  0.00000000E+00  3.28389890E-02  0.
   164  6.39999986E-01  0.00000000E+00  0.00000000E+00  0.00000000E+00  3.38909945E-02  0.
   165  6.49999976E-01  0.00000000E+00  0.00000000E+00  0.00000000E+00  3.49593925E-02  0.
   166  6.60000026E-01  0.00000000E+00  0.00000000E+00  0.00000000E+00  3.60441832E-02  0.
   167  6.70000017E-01  0.00000000E+00  0.00000000E+00  0.00000000E+00  3.71453453E-02  0.
   168  6.80000007E-01  0.00000000E+00  0.00000000E+00  0.00000000E+00  3.82628710E-02  0.
   169  6.89999998E-01  0.00000000E+00  0.00000000E+00  0.00000000E+00  3.93967551E-02  0.
   170  6.99999988E-01  0.00000000E+00  0.00000000E+00  0.00000000E+00  4.05469861E-02  0.
   171  7.09999979E-01  0.00000000E+00  0.00000000E+00  0.00000000E+00  4.17135561E-02  0.
   172  7.20000029E-01  0.00000000E+00  0.00000000E+00  0.00000000E+00  4.28964599E-02  0.
   173  7.30000019E-01  0.00000000E+00  0.00000000E+00  0.00000000E+00  4.40956752E-02  0.
   174  7.40000010E-01  0.00000000E+00  0.00000000E+00  0.00000000E+00  4.53111990E-02  0.
   175  7.50000000E-01  0.00000000E+00  0.00000000E+00  0.00000000E+00  4.65430296E-02  0.
   176  7.59999990E-01  0.00000000E+00  0.00000000E+00  0.00000000E+00  4.77911479E-02  0.
   177  7.69999981E-01  0.00000000E+00  0.00000000E+00  0.00000000E+00  4.90555471E-02  0.
   178  7.79999971E-01  0.00000000E+00  0.00000000E+00  0.00000000E+00  5.03362206E-02  0.
   179  7.90000021E-01  0.00000000E+00  0.00000000E+00  0.00000000E+00  5.16331599E-02  0.
   180  8.00000012E-01  0.00000000E+00  0.00000000E+00  0.00000000E+00  5.29463399E-02  0.
   181  8.10000002E-01  0.00000000E+00  0.00000000E+00  0.00000000E+00  5.42757530E-02  0.
   182  8.19999993E-01  0.00000000E+00  0.00000000E+00  0.00000000E+00  5.56213927E-02  0.
   183  8.29999983E-01  0.00000000E+00  0.00000000E+00  0.00000000E+00  5.69832429E-02  0.
   184  8.39999974E-01  0.00000000E+00  0.00000000E+00  0.00000000E+00  5.83612915E-02  0.
   185  8.50000024E-01  0.00000000E+00  0.00000000E+00  0.00000000E+00  5.97555278E-02  0.
   186  8.60000014E-01  0.00000000E+00  0.00000000E+00  0.00000000E+00  6.11659743E-02  0.
   187  8.70000005E-01  0.00000000E+00  0.00000000E+00  0.00000000E+00  6.25925816E-02  0.
   188  8.79999995E-01  0.00000000E+00  0.00000000E+00  0.00000000E+00  6.40353535E-02  0.
   189  8.89999986E-01  0.00000000E+00  0.00000000E+00  0.00000000E+00  6.54942718E-02  0.
   190  8.99999976E-01  0.00000000E+00  0.00000000E+00  0.00000000E+00  6.69693191E-02  0.
   191  9.10000026E-01  0.00000000E+00  0.00000000E+00  0.00000000E+00  6.84604967E-02  0.
   192  9.20000017E-01  0.00000000E+00  0.00000000E+00  0.00000000E+00  6.99677718E-02  0.
   193  9.30000007E-01  0.00000000E+00  0.00000000E+00  0.00000000E+00  7.14911510E-02  0.
   194  9.39999998E-01  0.00000000E+00  0.00000000E+00  0.00000000E+00  7.30306231E-02  0.
   195  9.49999988E-01  0.00000000E+00  0.00000000E+00  0.00000000E+00  7.45861817E-02  0.
   196  9.59999979E-01  0.00000000E+00  0.00000000E+00  0.00000000E+00  7.61577984E-02  0.
   197  9.70000029E-01  0.00000000E+00  0.00000000E+00  0.00000000E+00  7.77454688E-02  0.
   198  9.80000019E-01  0.00000000E+00  0.00000000E+00  0.00000000E+00  7.93491603E-02  0.
   199  9.90000010E-01  0.00000000E+00  0.00000000E+00  0.00000000E+00  8.09688748E-02  0.
STEP   2 TIME  2.00000000E+00
     1 -9.90000010E-01  0.00000000E+00  0.00000000E+00  0.00000000E+00  7.86853071E-02  0.
     2 -9.80000019E-01  0.00000000E+00  0.00000000E+00  0.00000000E+00  7.70713795E-02  0.
     3 -9.70000029E-01  0.00000000E+00  0.00000000E+00  0.00000000E+00  7.54735669E-02  0.
     4 -9.59999979E-01  0.00000000E+00  0.00000000E+00  0.00000000E+00  7.38918512E-02  0.
     5 -9.49999988E-01  0.00000000E+00  0.00000000E+00  0.00000000E+00  7.23262905E-02  0.
     6 -9.39999998E-01  0.00000000E+00  0.00000000E+00  0.00000000E+00  7.07768802E-02  0.
     7 -9.30000007E-01  0.00000000E+00  0.00000000E+00  0.00000000E+00  6.92436417E-02  0.
     8 -9.20000017E-01  0.00000000E+00  0.00000000E+00  0.00000000E+00  6.77265724E-02  0.
     9 -9.10000026E-01  0.00000000E+00  0.00000000E+00  0.00000000E+00  6.62256871E-02  0.
    10 -8.99999976E-01  0.00000000E+00  0.00000000E+00  0.00000000E+00  6.47409907E-02  0.
    11 -8.89999986E-01  0.00000000E+00  0.00000000E+00  0.00000000E+00  6.32725193E-02  0.
    12 -8.79999995E-01  0.00000000E+00  0.00000000E+00  0.00000000E+00  6.18202824E-02  0.
    13 -8.70000005E-01  0.00000000E+00  0.00000000E+00  0.00000000E+00  6.03842745E-02  0.
    14 -8.60000014E-01  0.00000000E+00  0.00000000E+00  0.00000000E+00  5.89645893E-02  0.
    15 -8.50000024E-01  0.00000000E+00  0.00000000E+00  0.00000000E+00  5.75611363E-02  0.
    16 -8.39999974E-01  0.00000000E+00  0.00000000E+00  0.00000000E+00  5.61739581E-02  0.
    17 -8.29999983E-01  0.00000000E+00  0.00000000E+00  0.00000000E+00  5.48030860E-02  0.
    18 -8.19999993E-01  0.00000000E+00  0.00000000E+00  0.00000000E+00  5.34485211E-02  0.
    19 -8.10000002E-01  0.00000000E+00  0.00000000E+00  0.00000000E+00  5.21102780E-02  0.
    20 -8.00000012E-01  0.00000000E+00  0.00000000E+00  0.00000000E+00  5.07883738E-02  0.
    21 -7.90000021E-01  0.00000000E+00  0.00000000E+00  0.00000000E+00  4.94828253E-02  0.
    22 -7.79999971E-01  0.00000000E+00  0.00000000E+00  0.00000000E+00  4.81936399E-02  0.
    23 -7.69999981E-01  0.00000000E+00  0.00000000E+00  0.00000000E+00  4.69208396E-02  0.
    24 -7.59999990E-01  0.00000000E+00  0.00000000E+00  0.00000000E+00  4.56644360E-02  0.
    25 -7.50000000E-01  0.00000000E+00  0.00000000E+00  0.00000000E+00  4.44244434E-02  0.
    26 -7.40000010E-01  0.00000000E+00  0.00000000E+00  0.00000000E+00  4.32008657E-02  0.
    27 -7.30000019E-01  0.00000000E+00  0.00000000E+00  0.00000000E+00  4.19937206E-02  0.
    28 -7.20000029E-01  0.00000000E+00  0.00000000E+00  0.00000000E+00  4.08030209E-02  0.
    29 -7.09999979E-01  0.00000000E+00  0.00000000E+00  0.00000000E+00  3.96287734E-02  0.
    30 -6.99999988E-01  0.00000000E+00  0.00000000E+00  0.00000000E+00  3.84710036E-02  0.
    31 -6.89999998E-01  0.00000000E+00  0.00000000E+00  0.00000000E+00  3.73297212E-02  0.
    32 -6.80000007E-01  0.00000000E+00  0.00000000E+00  0.00000000E+00  3.62049378E-02  0.
    33 -6.70000017E-01  0.00000000E+00  0.00000000E+00  0.00000000E+00  3.50966694E-02  0.
    34 -6.60000026E-01  0.00000000E+00  0.00000000E+00  0.00000000E+00  3.40049249E-02  0.
    35 -6.49999976E-01  0.00000000E+00  0.00000000E+00  0.00000000E+00  3.29297247E-02  0.
    36 -6.39999986E-01  0.00000000E+00  0.00000000E+00  0.00000000E+00  3.18711009E-02  0.
    37 -6.29999995E-01  0.00000000E+00  0.00000000E+00  0.00000000E+00  3.08290202E-02  0.
    38 -6.20000005E-01  0.00000000E+00  0.00000000E+00  0.00000000E+00  2.98035308E-02  0.
    39 -6.10000014E-01  0.00000000E+00  0.00000000E+00  0.00000000E+00  2.87946444E-02  0.
    40 -6.00000024E-01  0.00000000E+00  0.00000000E+00  0.00000000E+00  2.78023679E-02  0.
    41 -5.89999974E-01  0.00000000E+00  0.00000000E+00  0.00000000E+00  2.68267147E-02  0.
    42 -5.79999983E-01  0.00000000E+00  0.00000000E+00  0.00000000E+00  2.58677093E-02  0.
    43 -5.69999993E-01  0.00000000E+00  0.00000000E+00  0.00000000E+00  2.49253626E-02  0.
    44 -5.60000002E-01  0.00000000E+00  0.00000000E+00  0.00000000E+00  2.39996892E-02  0.
    45 -5.50000012E-01  0.00000000E+00  0.00000000E+00  0.00000000E+00  2.30907005E-02  0.
    46 -5.40000021E-01  0.00000000E+00  0.00000000E+00  0.00000000E+00  2.21984200E-02  0.
    47 -5.29999971E-01  0.00000000E+00  0.00000000E+00  0.00000000E+00  2.13228512E-02  0.
    48 -5.19999981E-01  0.00000000E+00  0.00000000E+00  0.00000000E+00  2.04640274E-02  0.
    49 -5.09999990E-01  0.00000000E+00  0.00000000E+00  0.00000000E+00  1.96219573E-02  0.
    50 -5.00000000E-01  0.00000000E+00  0.00000000E+00  0.00000000E+00  1.87966603E-02  0.
    51 -4.90000010E-01  0.00000000E+00  0.00000000E+00  0.00000000E+00  1.79881532E-02  0.
    52 -4.79999989E-01  0.00000000E+00  0.00000000E+00  0.00000000E+00  1.71964541E-02  0.
    53 -4.69999999E-01  0.00000000E+00  0.00000000E+00  0.00000000E+00  1.64215849E-02  0.
    54 -4.60000008E-01  0.00000000E+00  0.00000000E+00  0.00000000E+00  1.56635652E-02  0.
    55 -4.49999988E-01  0.00000000E+00  0.00000000E+00  0.00000000E+00  1.49224144E-02  0.
    56 -4.39999998E-01  0.00000000E+00  0.00000000E+00  0.00000000E+00  1.41981567E-02  0.
    57 -4.30000007E-01  0.00000000E+00  0.00000000E+00  0.00000000E+00  1.34908149E-02  0.
    58 -4.19999987E-01  0.00000000E+00  0.00000000E+00  0.00000000E+00  1.28004101E-02  0.
    59 -4.09999996E-01  0.00000000E+00  0.00000000E+00  0.00000000E+00  1.21269712E-02  0.
    60 -4.00000006E-01  0.00000000E+00  0.00000000E+00  0.00000000E+00  1.14705232E-02  0.
    61 -3.89999986E-01  0.00000000E+00  0.00000000E+00  0.00000000E+00  1.08310933E-02  0.
    62 -3.79999995E-01  0.00000000E+00  0.00000000E+00  0.00000000E+00  1.02087130E-02  0.
    63 -3.70000005E-01  0.00000000E+00  0.00000000E+00  0.00000000E+00  9.60341485E-03  0.
    64 -3.60000014E-01  0.00000000E+00  0.00000000E+00  0.00000000E+00  9.01523144E-03  0.
    65 -3.49999994E-01  0.00000000E+00  0.00000000E+00  0.00000000E+00  8.44419775E-03  0.
    66 -3.40000004E-01  0.00000000E+00  0.00000000E+00  0.00000000E+00  7.89035662E-03  0.
    67 -3.30000013E-01  0.00000000E+00  0.00000000E+00  0.00000000E+00  7.35374875E-03  0.
    68 -3.19999993E-01  0.00000000E+00  0.00000000E+00  0.00000000E+00  6.83441905E-03  0.
    69 -3.10000002E-01  0.00000000E+00  0.00000000E+00  0.00000000E+00  6.33242108E-03  0.
    70 -3.00000012E-01  0.00000000E+00  0.00000000E+00  0.00000000E+00  5.84780747E-03  0.
    71 -2.89999992E-01  0.00000000E+00  0.00000000E+00  0.00000000E+00  5.38063738E-03  0.
    72 -2.80000001E-01  0.00000000E+00  0.00000000E+00  0.00000000E+00  4.93098438E-03  0.
    73 -2.70000011E-01  0.00000000E+00  0.00000000E+00  0.00000000E+00  4.49891947E-03  0.
    74 -2.59999990E-01  0.00000000E+00  0.00000000E+00  0.00000000E+00  4.08452488E-03  0.
    75 -2.50000000E-01  0.00000000E+00  0.00000000E+00  0.00000000E+00  3.68789810E-03  0.
    76 -2.39999995E-01  0.00000000E+00  0.00000000E+00  0.00000000E+00  3.30914586E-03  0.
    77 -2.30000004E-01  0.00000000E+00  0.00000000E+00  0.00000000E+00  2.94838852E-03  0.
    78 -2.19999999E-01  0.00000000E+00  0.00000000E+00  0.00000000E+00  2.60576377E-03  0.
    79 -2.09999993E-01  0.00000000E+00  0.00000000E+00  0.00000000E+00  2.28144804E-03  0.
    80 -2.00000003E-01  0.00000000E+00  0.00000000E+00  0.00000000E+00  1.97562106E-03  0.
    81 -1.89999998E-01  0.00000000E+00  0.00000000E+00  0.00000000E+00  1.68851604E-03  0.
    82 -1.80000007E-01  0.00000000E+00  0.00000000E+00  0.00000000E+00  1.42040669E-03  0.
    83 -1.70000002E-01  0.00000000E+00  0.00000000E+00  0.00000000E+00  1.17164086E-03  0.
    84 -1.59999996E-01  0.00000000E+00  0.00000000E+00  0.00000000E+00  9.42622253E-04  0.
    85 -1.50000006E-01  0.00000000E+00  0.00000000E+00  0.00000000E+00  7.33946497E-04  0.
    86 -1.40000001E-01  0.00000000E+00  0.00000000E+00  0.00000000E+00  5.46221098E-04  0.
    87 -1.29999995E-01  0.00000000E+00  0.00000000E+00  0.00000000E+00  3.80703325E-04  0.
    88 -1.19999997E-01  0.00000000E+00  0.00000000E+00  0.00000000E+00  2.38267340E-04  0.
    89 -1.09999999E-01  0.00000000E+00  0.00000000E+00  0.00000000E+00  1.22595389E-04  0.
    90 -1.00000001E-01  0.00000000E+00  0.00000000E+00  0.00000000E+00  3.47408866E-05  0.
    91 -9.00000036E-02  1.56253646E+02  1.82491749E+00  0.00000000E+00 -7.81268231E-07  1.
    92 -7.99999982E-02  3.89992019E+02  2.96900394E+00  0.00000000E+00 -1.94996010E-06  1.
    93 -7.00000003E-02  5.33639337E+02  3.55699462E+00  0.00000000E+00 -2.66819668E-06  1.
    94 -5.99999987E-02  6.26878750E+02  3.09108216E+00  0.00000000E+00 -3.13439375E-06  1.
    95 -5.00000007E-02  6.97105764E+02  8.38091266E-01  0.00000000E+00 -3.48552882E-06  1.
    96 -3.99999991E-02  7.49185013E+02  1.23883710E+00  0.00000000E+00 -3.74592507E-06  1.
    97 -2.99999993E-02  7.87425412E+02  1.43858706E+00  0.00000000E+00 -3.93712706E-06  1.
    98 -1.99999996E-02  8.13598903E+02  1.05489193E+00  0.00000000E+00 -4.06799451E-06  1.
    99 -9.99999978E-03  8.28908052E+02  2.68340751E-01  0.00000000E+00 -4.14454026E-06  1.
   100  0.00000000E+00  8.33947826E+02  1.94977447E-12  0.00000000E+00 -4.16973913E-06  1.
   101  9.99999978E-03  8.28908052E+02 -2.68340751E-01  0.00000000E+00 -4.14454026E-06  1.
   102  1.99999996E-02  8.13598903E+02 -1.05489193E+00  0.00000000E+00 -4.06799451E-06  1.
   103  2.99999993E-02  7.87425412E+02 -1.43858706E+00  0.00000000E+00 -3.93712706E-06  1.
   104  3.99999991E-02  7.49185013E+02 -1.23883710E+00  0.00000000E+00 -3.74592507E-06  1.
   105  5.00000007E-02  6.97105764E+02 -8.38091266E-01  0.00000000E+00 -3.48552882E-06  1.
   106  5.99999987E-02  6.26878750E+02 -3.09108216E+00  0.00000000E+00 -3.13439375E-06  1.
   107  7.00000003E-02  5.33639337E+02 -3.55699462E+00  0.00000000E+00 -2.66819668E-06  1.
   108  7.99999982E-02  3.89992019E+02 -2.96900394E+00  0.00000000E+00 -1.94996010E-06  1.
   109  9.00000036E-02  1.56253646E+02 -1.82491749E+00  0.00000000E+00 -7.81268231E-07  1.
   110  1.00000001E-01  0.00000000E+00  0.00000000E+00  0.00000000E+00  3.47408866E-05  0.
   111  1.09999999E-01  0.00000000E+00  0.00000000E+00  0.00000000E+00  1.22595389E-04  0.
   112  1.19999997E-01  0.00000000E+00  0.00000000E+00  0.00000000E+00  2.38267340E-04  0.
   113  1.29999995E-01  0.00000000E+00  0.00000000E+00  0.00000000E+00  3.80703325E-04  0.
   114  1.40000001E-01  0.00000000E+00  0.00000000E+00  0.00000000E+00  5.46221098E-04  0.
   115  1.50000006E-01  0.00000000E+00  0.00000000E+00  0.00000000E+00  7.33946497E-04  0.
   116  1.59999996E-01  0.00000000E+00  0.00000000E+00  0.00000000E+00  9.42622253E-04  0.
   117  1.70000002E-01  0.00000000E+00  0.00000000E+00  0.00000000E+00  1.17164086E-03  0.
   118  1.80000007E-01  0.00000000E+00  0.00000000E+00  0.00000000E+00  1.42040669E-03  0.
   119  1.89999998E-01  0.00000000E+00  0.00000000E+00  0.00000000E+00  1.68851604E-03  0.
   120  2.00000003E-01  0.00000000E+00  0.00000000E+00  0.00000000E+00  1.97562106E-03  0.
   121  2.09999993E-01  0.00000000E+00  0.00000000E+00  0.00000000E+00  2.28144804E-03  0.
   122  2.19999999E-01  0.00000000E+00  0.00000000E+00  0.00000000E+00  2.60576377E-03  0.
   123  2.30000004E-01  0.00000000E+00  0.00000000E+00  0.00000000E+00  2.94838852E-03  0.
   124  2.39999995E-01  0.00000000E+00  0.00000000E+00  0.00000000E+00  3.30914586E-03  0.
   125  2.50000000E-01  0.00000000E+00  0.00000000E+00  0.00000000E+00  3.68789810E-03  0.
   126  2.59999990E-01  0.00000000E+00  0.00000000E+00  0.00000000E+00  4.08452488E-03  0.
   127  2.70000011E-01  0.00000000E+00  0.00000000E+00  0.00000000E+00  4.49891947E-03  0.
   128  2.80000001E-01  0.00000000E+00  0.00000000E+00  0.00000000E+00  4.93098438E-03  0.
   129  2.89999992E-01  0.00000000E+00  0.00000000E+00  0.00000000E+00  5.38063738E-03  0.
   130  3.00000012E-01  0.00000000E+00  0.00000000E+00  0.00000000E+00  5.84780747E-03  0.
   131  3.10000002E-01  0.00000000E+00  0.00000000E+00  0.00000000E+00  6.33242108E-03  0.
   132  3.19999993E-01  0.00000000E+00  0.00000000E+00  0.00000000E+00  6.83441905E-03  0.
   133  3.30000013E-01  0.00000000E+00  0.00000000E+00  0.00000000E+00  7.35374875E-03  0.
   134  3.40000004E-01  0.00000000E+00  0.00000000E+00  0.00000000E+00  7.89035662E-03  0.
   135  3.49999994E-01  0.00000000E+00  0.00000000E+00  0.00000000E+00  8.44419775E-03  0.
   136  3.60000014E-01  0.00000000E+00  0.00000000E+00  0.00000000E+00  9.01523144E-03  0.
   137  3.70000005E-01  0.00000000E+00  0.00000000E+00  0.00000000E+00  9.60341485E-03  0.
   138  3.79999995E-01  0.00000000E+00  0.00000000E+00  0.00000000E+00  1.02087130E-02  0.
   139  3.89999986E-01  0.00000000E+00  0.00000000E+00  0.00000000E+00  1.08310933E-02  0.
   140  4.00000006E-01  0.00000000E+00  0.00000000E+00  0.00000000E+00  1.14705232E-02  0.
   141  4.09999996E-01  0.00000000E+00  0.00000000E+00  0.00000000E+00  1.21269712E-02  0.
   142  4.19999987E-01  0.00000000E+00  0.00000000E+00  0.00000000E+00  1.28004101E-02  0.
   143  4.30000007E-01  0.00000000E+00  0.00000000E+00  0.00000000E+00  1.34908149E-02  0.
   144  4.39999998E-01  0.00000000E+00  0.00000000E+00  0.00000000E+00  1.41981567E-02  0.
   145  4.49999988E-01  0.00000000E+00  0.00000000E+00  0.00000000E+00  1.49224144E-02  0.
   146  4.60000008E-01  0.00000000E+00  0.00000000E+00  0.00000000E+00  1.56635652E-02  0.
   147  4.69999999E-01  0.00000000E+00  0.00000000E+00  0.00000000E+00  1.64215849E-02  0.
   148  4.79999989E-01  0.00000000E+00  0.00000000E+00  0.00000000E+00  1.71964541E-02  0.
   149  4.90000010E-01  0.00000000E+00  0.00000000E+00  0.00000000E+00  1.79881532E-02  0.
   150  5.00000000E-01  0.00000000E+00  0.00000000E+00  0.00000000E+00  1.87966603E-02  0.
   151  5.09999990E-01  0.00000000E+00  0.00000000E+00  0.00000000E+00  1.96219573E-02  0.
   152  5.19999981E-01  0.00000000E+00  0.00000000E+00  0.00000000E+00  2.04640274E-02  0.
   153  5.29999971E-01  0.00000000E+00  0.00000000E+00  0.00000000E+00  2.13228512E-02  0.
   154  5.40000021E-01  0.00000000E+00  0.00000000E+00  0.00000000E+00  2.21984200E-02  0.
   155  5.50000012E-01  0.00000000E+00  0.00000000E+00  0.00000000E+00  2.30907005E-02  0.
   156  5.60000002E-01  0.00000000E+00  0.00000000E+00  0.00000000E+00  2.39996892E-02  0.
   157  5.69999993E-01  0.00000000E+00  0.00000000E+00  0.00000000E+00  2.49253626E-02  0.
   158  5.79999983E-01  0.00000000E+00  0.00000000E+00  0.00000000E+00  2.58677093E-02  0.
   159  5.89999974E-01  0.00000000E+00  0.00000000E+00  0.00000000E+00  2.68267147E-02  0.
   160  6.00000024E-01  0.00000000E+00  0.00000000E+00  0.00000000E+00  2.78023679E-02  0.
   161  6.10000014E-01  0.00000000E+00  0.00000000E+00  0.00000000E+00  2.87946444E-02  0.
   162  6.20000005E-01  0.00000000E+00  0.00000000E+00  0.00000000E+00  2.98035308E-02  0.
   163  6.29999995E-01  0.00000000E+00  0.00000000E+00  0.00000000E+00  3.08290202E-02  0.
   164  6.39999986E-01  0.00000000E+00  0.00000000E+00  0.00000000E+00  3.18711045E-02  0.
   165  6.49999976E-01  0.00000000E+00  0.00000000E+00  0.00000000E+00  3.29297157E-02  0.
   166  6.60000026E-01  0.00000000E+00  0.00000000E+00  0.00000000E+00  3.40049249E-02  0.
   167  6.70000017E-01  0.00000000E+00  0.00000000E+00  0.00000000E+00  3.50966694E-02  0.
   168  6.80000007E-01  0.00000000E+00  0.00000000E+00  0.00000000E+00  3.62049378E-02  0.
   169  6.89999998E-01  0.00000000E+00  0.00000000E+00  0.00000000E+00  3.73297212E-02  0.
   170  6.99999988E-01  0.00000000E+00  0.00000000E+00  0.00000000E+00  3.84710036E-02  0.
   171  7.09999979E-01  0.00000000E+00  0.00000000E+00  0.00000000E+00  3.96287734E-02  0.
   172  7.20000029E-01  0.00000000E+00  0.00000000E+00  0.00000000E+00  4.08030209E-02  0.
   173  7.30000019E-01  0.00000000E+00  0.00000000E+00  0.00000000E+00  4.19937206E-02  0.
   174  7.40000010E-01  0.00000000E+00  0.00000000E+00  0.00000000E+00  4.32008657E-02  0.
   175  7.50000000E-01  0.00000000E+00  0.00000000E+00  0.00000000E+00  4.44244434E-02  0.
   176  7.59999990E-01  0.00000000E+00  0.00000000E+00  0.00000000E+00  4.56644360E-02  0.
   177  7.69999981E-01  0.00000000E+00  0.00000000E+00  0.00000000E+00  4.69208396E-02  0.
   178  7.79999971E-01  0.00000000E+00  0.00000000E+00  0.00000000E+00  4.81936399E-02  0.
   179  7.90000021E-01  0.00000000E+00  0.00000000E+00  0.00000000E+00  4.94828253E-02  0.
   180  8.00000012E-01  0.00000000E+00  0.00000000E+00  0.00000000E+00  5.07883738E-02  0.
   181  8.10000002E-01  0.00000000E+00  0.00000000E+00  0.00000000E+00  5.21102780E-02  0.
   182  8.19999993E-01  0.00000000E+00  0.00000000E+00  0.00000000E+00  5.34485211E-02  0.
   183  8.29999983E-01  0.00000000E+00  0.00000000E+00  0.00000000E+00  5.48030860E-02  0.
   184  8.39999974E-01  0.00000000E+00  0.00000000E+00  0.00000000E+00  5.61739581E-02  0.
   185  8.50000024E-01  0.00000000E+00  0.00000000E+00  0.00000000E+00  5.75611363E-02  0.
   186  8.60000014E-01  0.00000000E+00  0.00000000E+00  0.00000000E+00  5.89645893E-02  0.
   187  8.70000005E-01  0.00000000E+00  0.00000000E+00  0.00000000E+00  6.03842759E-02  0.
   188  8.79999995E-01  0.00000000E+00  0.00000000E+00  0.00000000E+00  6.18202818E-02  0.
   189  8.89999986E-01  0.00000000E+00  0.00000000E+00  0.00000000E+00  6.32725193E-02  0.
   190  8.99999976E-01  0.00000000E+00  0.00000000E+00  0.00000000E+00  6.47409907E-02  0.
   191  9.10000026E-01  0.00000000E+00  0.00000000E+00  0.00000000E+00  6.62256871E-02  0.
   192  9.20000017E-01  0.00000000E+00  0.00000000E+00  0.00000000E+00  6.77265724E-02  0.
   193  9.30000007E-01  0.00000000E+00  0.00000000E+00  0.00000000E+00  6.92436417E-02  0.
   194  9.39999998E-01  0.00000000E+00  0.00000000E+00  0.00000000E+00  7.07768802E-02  0.
   195  9.49999988E-01  0.00000000E+00  0.00000000E+00  0.00000000E+00  7.23262905E-02  0.
   196  9.59999979E-01  0.00000000E+00  0.00000000E+00  0.00000000E+00  7.38918512E-02  0.
   197  9.70000029E-01  0.00000000E+00  0.00000000E+00  0.00000000E+00  7.54735669E-02  0.
   198  9.80000019E-01  0.00000000E+00  0.00000000E+00  0.00000000E+00  7.70713795E-02  0.
   199  9.90000010E-01  0.00000000E+00  0.00000000E+00  0.00000000E+00  7.86853071E-02  0.
STEP   3 TIME  3.00000000E+00
     1 -9.90000010E-01  0.00000000E+00  0.00000000E+00  0.00000000E+00  7.88059832E-02  0.
     2 -9.80000019E-01  0.00000000E+00  0.00000000E+00  0.00000000E+00  7.71904898E-02  0.
     3 -9.70000029E-01  0.00000000E+00  0.00000000E+00  0.00000000E+00  7.55911794E-02  0.
     4 -9.59999979E-01  0.00000000E+00  0.00000000E+00  0.00000000E+00  7.40079577E-02  0.
     5 -9.49999988E-01  0.00000000E+00  0.00000000E+00  0.00000000E+00  7.24408891E-02  0.
     6 -9.39999998E-01  0.00000000E+00  0.00000000E+00  0.00000000E+00  7.08899623E-02  0.
     7 -9.30000007E-01  0.00000000E+00  0.00000000E+00  0.00000000E+00  6.93551976E-02  0.
     8 -9.20000017E-01  0.00000000E+00  0.00000000E+00  0.00000000E+00  6.78366108E-02  0.
     9 -9.10000026E-01  0.00000000E+00  0.00000000E+00  0.00000000E+00  6.63341987E-02  0.
    10 -8.99999976E-01  0.00000000E+00  0.00000000E+00  0.00000000E+00  6.48480638E-02  0.
    11 -8.89999986E-01  0.00000000E+00  0.00000000E+00  0.00000000E+00  6.33781114E-02  0.
    12 -8.79999995E-01  0.00000000E+00  0.00000000E+00  0.00000000E+00  6.19243840E-02  0.
    13 -8.70000005E-01  0.00000000E+00  0.00000000E+00  0.00000000E+00  6.04869022E-02  0.
    14 -8.60000014E-01  0.00000000E+00  0.00000000E+00  0.00000000E+00  5.90656754E-02  0.
    15 -8.50000024E-01  0.00000000E+00  0.00000000E+00  0.00000000E+00  5.76607202E-02  0.
    16 -8.39999974E-01  0.00000000E+00  0.00000000E+00  0.00000000E+00  5.62720475E-02  0.
    17 -8.29999983E-01  0.00000000E+00  0.00000000E+00  0.00000000E+00  5.48996915E-02  0.
    18 -8.19999993E-01  0.00000000E+00  0.00000000E+00  0.00000000E+00  5.35436461E-02  0.
    19 -8.10000002E-01  0.00000000E+00  0.00000000E+00  0.00000000E+00  5.22039361E-02  0.
    20 -8.00000012E-01  0.00000000E+00  0.00000000E+00  0.00000000E+00  5.08805700E-02  0.
    21 -7.90000021E-01  0.00000000E+00  0.00000000E+00  0.00000000E+00  4.95735555E-02  0.
    22 -7.79999971E-01  0.00000000E+00  0.00000000E+00  0.00000000E+00  4.82829032E-02  0.
    23 -7.69999981E-01  0.00000000E+00  0.00000000E+00  0.00000000E+00  4.70086360E-02  0.
    24 -7.59999990E-01  0.00000000E+00  0.00000000E+00  0.00000000E+00  4.57507630E-02  0.
    25 -7.50000000E-01  0.00000000E+00  0.00000000E+00  0.00000000E+00  4.45093033E-02  0.
    26 -7.40000010E-01  0.00000000E+00  0.00000000E+00  0.00000000E+00  4.32842583E-02  0.
    27 -7.30000019E-01  0.00000000E+00  0.00000000E+00  0.00000000E+00  4.20756741E-02  0.
    28 -7.20000029E-01  0.00000000E+00  0.00000000E+00  0.00000000E+00  4.08835388E-02  0.
    29 -7.09999979E-01  0.00000000E+00  0.00000000E+00  0.00000000E+00  3.97078348E-02  0.
    30 -6.99999988E-01  0.00000000E+00  0.00000000E+00  0.00000000E+00  3.85486241E-02  0.
    31 -6.89999998E-01  0.00000000E+00  0.00000000E+00  0.00000000E+00  3.74059042E-02  0.
    32 -6.80000007E-01  0.00000000E+00  0.00000000E+00  0.00000000E+00  3.62796931E-02  0.
    33 -6.70000017E-01  0.00000000E+00  0.00000000E+00  0.00000000E+00  3.51700002E-02  0.
    34 -6.60000026E-01  0.00000000E+00  0.00000000E+00  0.00000000E+00  3.40768355E-02  0.
    35 -6.49999976E-01  0.00000000E+00  0.00000000E+00  0.00000000E+00  3.30002113E-02  0.
    36 -6.39999986E-01  0.00000000E+00  0.00000000E+00  0.00000000E+00  3.19401532E-02  0.
    37 -6.29999995E-01  0.00000000E+00  0.00000000E+00  0.00000000E+00  3.08966673E-02  0.
    38 -6.20000005E-01  0.00000000E+00  0.00000000E+00  0.00000000E+00  2.98697683E-02  0.
    39 -6.10000014E-01  0.00000000E+00  0.00000000E+00  0.00000000E+00  2.88594729E-02  0.
    40 -6.00000024E-01  0.00000000E+00  0.00000000E+00  0.00000000E+00  2.78657933E-02  0.
    41 -5.89999974E-01  0.00000000E+00  0.00000000E+00  0.00000000E+00  2.68887406E-02  0.
    42 -5.79999983E-01  0.00000000E+00  0.00000000E+00  0.00000000E+00  2.59283393E-02  0.
    43 -5.69999993E-01  0.00000000E+00  0.00000000E+00  0.00000000E+00  2.49846007E-02  0.
    44 -5.60000002E-01  0.00000000E+00  0.00000000E+00  0.00000000E+00  2.40575400E-02  0.
    45 -5.50000012E-01  0.00000000E+00  0.00000000E+00  0.00000000E+00  2.31471715E-02  0.
    46 -5.40000021E-01  0.00000000E+00  0.00000000E+00  0.00000000E+00  2.22535140E-02  0.
    47 -5.29999971E-01  0.00000000E+00  0.00000000E+00  0.00000000E+00  2.13765761E-02  0.
    48 -5.19999981E-01  0.00000000E+00  0.00000000E+00  0.00000000E+00  2.05163874E-02  0.
    49 -5.09999990E-01  0.00000000E+00  0.00000000E+00  0.00000000E+00  1.96729586E-02  0.
    50 -5.00000000E-01  0.00000000E+00  0.00000000E+00  0.00000000E+00  1.88463084E-02  0.
    51 -4.90000010E-01  0.00000000E+00  0.00000000E+00  0.00000000E+00  1.80364545E-02  0.
    52 -4.79999989E-01  0.00000000E+00  0.00000000E+00  0.00000000E+00  1.72434141E-02  0.
    53 -4.69999999E-01  0.00000000E+00  0.00000000E+00  0.00000000E+00  1.64672109E-02  0.
    54 -4.60000008E-01  0.00000000E+00  0.00000000E+00  0.00000000E+00  1.57078632E-02  0.
    55 -4.49999988E-01  0.00000000E+00  0.00000000E+00  0.00000000E+00  1.49653905E-02  0.
    56 -4.39999998E-01  0.00000000E+00  0.00000000E+00  0.00000000E+00  1.42398184E-02  0.
    57 -4.30000007E-01  0.00000000E+00  0.00000000E+00  0.00000000E+00  1.35311684E-02  0.
    58 -4.19999987E-01  0.00000000E+00  0.00000000E+00  0.00000000E+00  1.28394625E-02  0.
    59 -4.09999996E-01  0.00000000E+00  0.00000000E+00  0.00000000E+00  1.21647300E-02  0.
    60 -4.00000006E-01  0.00000000E+00  0.00000000E+00  0.00000000E+00  1.15069958E-02  0.
    61 -3.89999986E-01  0.00000000E+00  0.00000000E+00  0.00000000E+00  1.08662867E-02  0.
    62 -3.79999995E-01  0.00000000E+00  0.00000000E+00  0.00000000E+00  1.02426358E-02  0.
    63 -3.70000005E-01  0.00000000E+00  0.00000000E+00  0.00000000E+00  9.63607420E-03  0.
    64 -3.60000014E-01  0.00000000E+00  0.00000000E+00  0.00000000E+00  9.04663559E-03  0.
    65 -3.49999994E-01  0.00000000E+00  0.00000000E+00  0.00000000E+00  8.47435511E-03  0.
    66 -3.40000004E-01  0.00000000E+00  0.00000000E+00  0.00000000E+00  7.91927572E-03  0.
    67 -3.30000013E-01  0.00000000E+00  0.00000000E+00  0.00000000E+00  7.38143836E-03  0.
    68 -3.19999993E-01  0.00000000E+00  0.00000000E+00  0.00000000E+00  6.86088809E-03  0.
    69 -3.10000002E-01  0.00000000E+00  0.00000000E+00  0.00000000E+00  6.35767862E-03  0.
    70 -3.00000012E-01  0.00000000E+00  0.00000000E+00  0.00000000E+00  5.87186326E-03  0.
    71 -2.89999992E-01  0.00000000E+00  0.00000000E+00  0.00000000E+00  5.40350209E-03  0.
    72 -2.80000001E-01  0.00000000E+00  0.00000000E+00  0.00000000E+00  4.95266527E-03  0.
    73 -2.70000011E-01  0.00000000E+00  0.00000000E+00  0.00000000E+00  4.51942630E-03  0.
    74 -2.59999990E-01  0.00000000E+00  0.00000000E+00  0.00000000E+00  4.10386792E-03  0.
    75 -2.50000000E-01  0.00000000E+00  0.00000000E+00  0.00000000E+00  3.70608655E-03  0.
    76 -2.39999995E-01  0.00000000E+00  0.00000000E+00  0.00000000E+00  3.32618848E-03  0.
    77 -2.30000004E-01  0.00000000E+00  0.00000000E+00  0.00000000E+00  2.96429634E-03  0.
    78 -2.19999999E-01  0.00000000E+00  0.00000000E+00  0.00000000E+00  2.62055022E-03  0.
    79 -2.09999993E-01  0.00000000E+00  0.00000000E+00  0.00000000E+00  2.29511325E-03  0.
    80 -2.00000003E-01  0.00000000E+00  0.00000000E+00  0.00000000E+00  1.98818321E-03  0.
    81 -1.89999998E-01  0.00000000E+00  0.00000000E+00  0.00000000E+00  1.69998762E-03  0.
    82 -1.80000007E-01  0.00000000E+00  0.00000000E+00  0.00000000E+00  1.43080156E-03  0.
    83 -1.70000002E-01  0.00000000E+00  0.00000000E+00  0.00000000E+00  1.18097089E-03  0.
    84 -1.59999996E-01  0.00000000E+00  0.00000000E+00  0.00000000E+00  9.50879152E-04  0.
    85 -1.50000006E-01  0.00000000E+00  0.00000000E+00  0.00000000E+00  7.41175070E-04  0.
    86 -1.40000001E-01  0.00000000E+00  0.00000000E+00  0.00000000E+00  5.52422513E-04  0.
    87 -1.29999995E-01  0.00000000E+00  0.00000000E+00  0.00000000E+00  3.85863103E-04  0.
    88 -1.19999997E-01  0.00000000E+00  0.00000000E+00  0.00000000E+00  2.42414206E-04  0.
    89 -1.09999999E-01  0.00000000E+00  0.00000000E+00  0.00000000E+00  1.25613425E-04  0.
    90 -1.00000001E-01  0.00000000E+00  0.00000000E+00  0.00000000E+00  3.67555038E-05  0.
    91 -9.00000036E-02  1.49833924E+02  8.99003543E+01  1.02805189E-04 -7.49169619E-07  2.
    92 -7.99999982E-02  3.86723714E+02  2.32034228E+02  4.80342304E-05 -1.93361857E-06  2.
    93 -7.00000003E-02  5.31995349E+02  3.19197209E+02  8.48438194E-06 -2.65997674E-06  2.
    94 -5.99999987E-02  6.25382489E+02  2.58010090E+02  0.00000000E+00 -3.12691245E-06  1.
    95 -5.00000007E-02  6.96008818E+02  1.99990798E+02  0.00000000E+00 -3.48004409E-06  1.
    96 -3.99999991E-02  7.48340113E+02  1.75059487E+02  0.00000000E+00 -3.74170056E-06  1.
    97 -2.99999993E-02  7.86814787E+02  1.61860355E+02  0.00000000E+00 -3.93407394E-06  1.
    98 -1.99999996E-02  8.13190649E+02  1.53709216E+02  0.00000000E+00 -4.06595325E-06  1.
    99 -9.99999978E-03  8.28687702E+02  1.48767249E+02  0.00000000E+00 -4.14343851E-06  1.
   100  0.00000000E+00  8.33907161E+02  1.47107134E+02  0.00000000E+00 -4.16953581E-06  1.
   101  9.99999978E-03  8.29045379E+02  1.47990190E+02  0.00000000E+00 -4.14522690E-06  1.
   102  1.99999996E-02  8.13920231E+02  1.51057165E+02  0.00000000E+00 -4.06960116E-06  1.
   103  2.99999993E-02  7.87939553E+02  1.58052751E+02  0.00000000E+00 -3.93969776E-06  1.
   104  3.99999991E-02  7.49919530E+02  1.70804061E+02  0.00000000E+00 -3.74959765E-06  1.
   105  5.00000007E-02  6.98068574E+02  1.94748619E+02  0.00000000E+00 -3.49034287E-06  1.
   106  5.99999987E-02  6.28124589E+02  2.42546171E+02  0.00000000E+00 -3.14062294E-06  1.
   107  7.00000003E-02  5.34941621E+02  3.20964973E+02  5.04558509E-06 -2.67470811E-06  2.
   108  7.99999982E-02  3.92937403E+02  2.35762442E+02  4.36716363E-05 -1.96468701E-06  2.
   109  9.00000036E-02  1.62521732E+02  9.75130394E+01  9.82504982E-05 -8.12608662E-07  2.
   110  1.00000001E-01  0.00000000E+00  0.00000000E+00  0.00000000E+00  3.27346247E-05  0.
   111  1.09999999E-01  0.00000000E+00  0.00000000E+00  0.00000000E+00  1.19579661E-04  0.
   112  1.19999997E-01  0.00000000E+00  0.00000000E+00  0.00000000E+00  2.34128856E-04  0.
   113  1.29999995E-01  0.00000000E+00  0.00000000E+00  0.00000000E+00  3.75552817E-04  0.
   114  1.40000001E-01  0.00000000E+00  0.00000000E+00  0.00000000E+00  5.40030830E-04  0.
   115  1.50000006E-01  0.00000000E+00  0.00000000E+00  0.00000000E+00  7.26730144E-04  0.
   116  1.59999996E-01  0.00000000E+00  0.00000000E+00  0.00000000E+00  9.34366486E-04  0.
   117  1.70000002E-01  0.00000000E+00  0.00000000E+00  0.00000000E+00  1.16233947E-03  0.
   118  1.80000007E-01  0.00000000E+00  0.00000000E+00  0.00000000E+00  1.41004782E-03  0.
   119  1.89999998E-01  0.00000000E+00  0.00000000E+00  0.00000000E+00  1.67708898E-03  0.
   120  2.00000003E-01  0.00000000E+00  0.00000000E+00  0.00000000E+00  1.96311379E-03  0.
   121  2.09999993E-01  0.00000000E+00  0.00000000E+00  0.00000000E+00  2.26784892E-03  0.
   122  2.19999999E-01  0.00000000E+00  0.00000000E+00  0.00000000E+00  2.59106422E-03  0.
   123  2.30000004E-01  0.00000000E+00  0.00000000E+00  0.00000000E+00  2.93256768E-03  0.
   124  2.39999995E-01  0.00000000E+00  0.00000000E+00  0.00000000E+00  3.29219474E-03  0.
   125  2.50000000E-01  0.00000000E+00  0.00000000E+00  0.00000000E+00  3.66980563E-03  0.
   126  2.59999990E-01  0.00000000E+00  0.00000000E+00  0.00000000E+00  4.06527847E-03  0.
   127  2.70000011E-01  0.00000000E+00  0.00000000E+00  0.00000000E+00  4.47850705E-03  0.
   128  2.80000001E-01  0.00000000E+00  0.00000000E+00  0.00000000E+00  4.90939572E-03  0.
   129  2.89999992E-01  0.00000000E+00  0.00000000E+00  0.00000000E+00  5.35786214E-03  0.
   130  3.00000012E-01  0.00000000E+00  0.00000000E+00  0.00000000E+00  5.82383347E-03  0.
   131  3.10000002E-01  0.00000000E+00  0.00000000E+00  0.00000000E+00  6.30724022E-03  0.
   132  3.19999993E-01  0.00000000E+00  0.00000000E+00  0.00000000E+00  6.80802203E-03  0.
   133  3.30000013E-01  0.00000000E+00  0.00000000E+00  0.00000000E+00  7.32612777E-03  0.
   134  3.40000004E-01  0.00000000E+00  0.00000000E+00  0.00000000E+00  7.86151292E-03  0.
   135  3.49999994E-01  0.00000000E+00  0.00000000E+00  0.00000000E+00  8.41407835E-03  0.
   136  3.60000014E-01  0.00000000E+00  0.00000000E+00  0.00000000E+00  8.98386290E-03  0.
   137  3.70000005E-01  0.00000000E+00  0.00000000E+00  0.00000000E+00  9.57078904E-03  0.
   138  3.79999995E-01  0.00000000E+00  0.00000000E+00  0.00000000E+00  1.01748220E-02  0.
   139  3.89999986E-01  0.00000000E+00  0.00000000E+00  0.00000000E+00  1.07959300E-02  0.
   140  4.00000006E-01  0.00000000E+00  0.00000000E+00  0.00000000E+00  1.14340796E-02  0.
   141  4.09999996E-01  0.00000000E+00  0.00000000E+00  0.00000000E+00  1.20892405E-02  0.
   142  4.19999987E-01  0.00000000E+00  0.00000000E+00  0.00000000E+00  1.27613851E-02  0.
   143  4.30000007E-01  0.00000000E+00  0.00000000E+00  0.00000000E+00  1.34504885E-02  0.
   144  4.39999998E-01  0.00000000E+00  0.00000000E+00  0.00000000E+00  1.41565221E-02  0.
   145  4.49999988E-01  0.00000000E+00  0.00000000E+00  0.00000000E+00  1.48794657E-02  0.
   146  4.60000008E-01  0.00000000E+00  0.00000000E+00  0.00000000E+00  1.56192954E-02  0.
   147  4.69999999E-01  0.00000000E+00  0.00000000E+00  0.00000000E+00  1.63759883E-02  0.
   148  4.79999989E-01  0.00000000E+00  0.00000000E+00  0.00000000E+00  1.71495248E-02  0.
   149  4.90000010E-01  0.00000000E+00  0.00000000E+00  0.00000000E+00  1.79398845E-02  0.
   150  5.00000000E-01  0.00000000E+00  0.00000000E+00  0.00000000E+00  1.87470470E-02  0.
   151  5.09999990E-01  0.00000000E+00  0.00000000E+00  0.00000000E+00  1.95709934E-02  0.
   152  5.19999981E-01  0.00000000E+00  0.00000000E+00  0.00000000E+00  2.04116922E-02  0.
   153  5.29999971E-01  0.00000000E+00  0.00000000E+00  0.00000000E+00  2.12691910E-02  0.
   154  5.40000021E-01  0.00000000E+00  0.00000000E+00  0.00000000E+00  2.21434007E-02  0.
   155  5.50000012E-01  0.00000000E+00  0.00000000E+00  0.00000000E+00  2.30343105E-02  0.
   156  5.60000002E-01  0.00000000E+00  0.00000000E+00  0.00000000E+00  2.39419254E-02  0.
   157  5.69999993E-01  0.00000000E+00  0.00000000E+00  0.00000000E+00  2.48662193E-02  0.
   158  5.79999983E-01  0.00000000E+00  0.00000000E+00  0.00000000E+00  2.58071822E-02  0.
   159  5.89999974E-01  0.00000000E+00  0.00000000E+00  0.00000000E+00  2.67647995E-02  0.
   160  6.00000024E-01  0.00000000E+00  0.00000000E+00  0.00000000E+00  2.77390572E-02  0.
   161  6.10000014E-01  0.00000000E+00  0.00000000E+00  0.00000000E+00  2.87299338E-02  0.
   162  6.20000005E-01  0.00000000E+00  0.00000000E+00  0.00000000E+00  2.97374166E-02  0.
   163  6.29999995E-01  0.00000000E+00  0.00000000E+00  0.00000000E+00  3.07614951E-02  0.
   164  6.39999986E-01  0.00000000E+00  0.00000000E+00  0.00000000E+00  3.18021514E-02  0.
   165  6.49999976E-01  0.00000000E+00  0.00000000E+00  0.00000000E+00  3.28593715E-02  0.
   166  6.60000026E-01  0.00000000E+00  0.00000000E+00  0.00000000E+00  3.39331498E-02  0.
   167  6.70000017E-01  0.00000000E+00  0.00000000E+00  0.00000000E+00  3.50234601E-02  0.
   168  6.80000007E-01  0.00000000E+00  0.00000000E+00  0.00000000E+00  3.61302915E-02  0.
   169  6.89999998E-01  0.00000000E+00  0.00000000E+00  0.00000000E+00  3.72536330E-02  0.
   170  6.99999988E-01  0.00000000E+00  0.00000000E+00  0.00000000E+00  3.83934697E-02  0.
   171  7.09999979E-01  0.00000000E+00  0.00000000E+00  0.00000000E+00  3.95497890E-02  0.
   172  7.20000029E-01  0.00000000E+00  0.00000000E+00  0.00000000E+00  4.07225884E-02  0.
   173  7.30000019E-01  0.00000000E+00  0.00000000E+00  0.00000000E+00  4.19118384E-02  0.
   174  7.40000010E-01  0.00000000E+00  0.00000000E+00  0.00000000E+00  4.31175329E-02  0.
   175  7.50000000E-01  0.00000000E+00  0.00000000E+00  0.00000000E+00  4.43396568E-02  0.
   176  7.59999990E-01  0.00000000E+00  0.00000000E+00  0.00000000E+00  4.55782014E-02  0.
   177  7.69999981E-01  0.00000000E+00  0.00000000E+00  0.00000000E+00  4.68331503E-02  0.
   178  7.79999971E-01  0.00000000E+00  0.00000000E+00  0.00000000E+00  4.81044861E-02  0.
   179  7.90000021E-01  0.00000000E+00  0.00000000E+00  0.00000000E+00  4.93922018E-02  0.
   180  8.00000012E-01  0.00000000E+00  0.00000000E+00  0.00000000E+00  5.06962745E-02  0.
   181  8.10000002E-01  0.00000000E+00  0.00000000E+00  0.00000000E+00  5.20166916E-02  0.
   182  8.19999993E-01  0.00000000E+00  0.00000000E+00  0.00000000E+00  5.33534460E-02  0.
   183  8.29999983E-01  0.00000000E+00  0.00000000E+00  0.00000000E+00  5.47065505E-02  0.
   184  8.39999974E-01  0.00000000E+00  0.00000000E+00  0.00000000E+00  5.60759458E-02  0.
   185  8.50000024E-01  0.00000000E+00  0.00000000E+00  0.00000000E+00  5.74616322E-02  0.
   186  8.60000014E-01  0.00000000E+00  0.00000000E+00  0.00000000E+00  5.88636095E-02  0.
   187  8.70000005E-01  0.00000000E+00  0.00000000E+00  0.00000000E+00  6.02818556E-02  0.
   188  8.79999995E-01  0.00000000E+00  0.00000000E+00  0.00000000E+00  6.17163516E-02  0.
   189  8.89999986E-01  0.00000000E+00  0.00000000E+00  0.00000000E+00  6.31670874E-02  0.
   190  8.99999976E-01  0.00000000E+00  0.00000000E+00  0.00000000E+00  6.46340455E-02  0.
   191  9.10000026E-01  0.00000000E+00  0.00000000E+00  0.00000000E+00  6.61172232E-02  0.
   192  9.20000017E-01  0.00000000E+00  0.00000000E+00  0.00000000E+00  6.76165999E-02  0.
   193  9.30000007E-01  0.00000000E+00  0.00000000E+00  0.00000000E+00  6.91321648E-02  0.
   194  9.39999998E-01  0.00000000E+00  0.00000000E+00  0.00000000E+00  7.06639149E-02  0.
   195  9.49999988E-01  0.00000000E+00  0.00000000E+00  0.00000000E+00  7.22118166E-02  0.
   196  9.59999979E-01  0.00000000E+00  0.00000000E+00  0.00000000E+00  7.37758595E-02  0.
   197  9.70000029E-01  0.00000000E+00  0.00000000E+00  0.00000000E+00  7.53560288E-02  0.
   198  9.80000019E-01  0.00000000E+00  0.00000000E+00  0.00000000E+00  7.69523114E-02  0.
   199  9.90000010E-01  0.00000000E+00  0.00000000E+00  0.00000000E+00  7.85646795E-02  0.
STEP   4 TIME  4.00000000E+00
     1 -9.90000010E-01  0.00000000E+00  0.00000000E+00  0.00000000E+00  7.86882430E-02  0.
     2 -9.80000019E-01  0.00000000E+00  0.00000000E+00  0.00000000E+00  7.70742858E-02  0.
     3 -9.70000029E-01  0.00000000E+00  0.00000000E+00  0.00000000E+00  7.54764436E-02  0.
     4 -9.59999979E-01  0.00000000E+00  0.00000000E+00  0.00000000E+00  7.38947035E-02  0.
     5 -9.49999988E-01  0.00000000E+00  0.00000000E+00  0.00000000E+00  7.23291157E-02  0.
     6 -9.39999998E-01  0.00000000E+00  0.00000000E+00  0.00000000E+00  7.07796875E-02  0.
     7 -9.30000007E-01  0.00000000E+00  0.00000000E+00  0.00000000E+00  6.92464192E-02  0.
     8 -9.20000017E-01  0.00000000E+00  0.00000000E+00  0.00000000E+00  6.77293200E-02  0.
     9 -9.10000026E-01  0.00000000E+00  0.00000000E+00  0.00000000E+00  6.62284047E-02  0.
    10 -8.99999976E-01  0.00000000E+00  0.00000000E+00  0.00000000E+00  6.47436784E-02  0.
    11 -8.89999986E-01  0.00000000E+00  0.00000000E+00  0.00000000E+00  6.32751812E-02  0.
    12 -8.79999995E-01  0.00000000E+00  0.00000000E+00  0.00000000E+00  6.18229265E-02  0.
    13 -8.70000005E-01  0.00000000E+00  0.00000000E+00  0.00000000E+00  6.03868910E-02  0.
    14 -8.60000014E-01  0.00000000E+00  0.00000000E+00  0.00000000E+00  5.89671434E-02  0.
    15 -8.50000024E-01  0.00000000E+00  0.00000000E+00  0.00000000E+00  5.75636608E-02  0.
    16 -8.39999974E-01  0.00000000E+00  0.00000000E+00  0.00000000E+00  5.61764530E-02  0.
    17 -8.29999983E-01  0.00000000E+00  0.00000000E+00  0.00000000E+00  5.48055509E-02  0.
    18 -8.19999993E-01  0.00000000E+00  0.00000000E+00  0.00000000E+00  5.34509562E-02  0.
    19 -8.10000002E-01  0.00000000E+00  0.00000000E+00  0.00000000E+00  5.21126836E-02  0.
    20 -8.00000012E-01  0.00000000E+00  0.00000000E+00  0.00000000E+00  5.07907526E-02  0.
    21 -7.90000021E-01  0.00000000E+00  0.00000000E+00  0.00000000E+00  4.94851796E-02  0.
    22 -7.79999971E-01  0.00000000E+00  0.00000000E+00  0.00000000E+00  4.81959650E-02  0.
    23 -7.69999981E-01  0.00000000E+00  0.00000000E+00  0.00000000E+00  4.69231382E-02  0.
    24 -7.59999990E-01  0.00000000E+00  0.00000000E+00  0.00000000E+00  4.56667090E-02  0.
    25 -7.50000000E-01  0.00000000E+00  0.00000000E+00  0.00000000E+00  4.44266867E-02  0.
    26 -7.40000010E-01  0.00000000E+00  0.00000000E+00  0.00000000E+00  4.32030789E-02  0.
    27 -7.30000019E-01  0.00000000E+00  0.00000000E+00  0.00000000E+00  4.19959037E-02  0.
    28 -7.20000029E-01  0.00000000E+00  0.00000000E+00  0.00000000E+00  4.08051741E-02  0.
    29 -7.09999979E-01  0.00000000E+00  0.00000000E+00  0.00000000E+00  3.96308967E-02  0.
    30 -6.99999988E-01  0.00000000E+00  0.00000000E+00  0.00000000E+00  3.84730967E-02  0.
    31 -6.89999998E-01  0.00000000E+00  0.00000000E+00  0.00000000E+00  3.73317844E-02  0.
    32 -6.80000007E-01  0.00000000E+00  0.00000000E+00  0.00000000E+00  3.62069709E-02  0.
    33 -6.70000017E-01  0.00000000E+00  0.00000000E+00  0.00000000E+00  3.50986726E-02  0.
    34 -6.60000026E-01  0.00000000E+00  0.00000000E+00  0.00000000E+00  3.40068919E-02  0.
    35 -6.49999976E-01  0.00000000E+00  0.00000000E+00  0.00000000E+00  3.29316547E-02  0.
    36 -6.39999986E-01  0.00000000E+00  0.00000000E+00  0.00000000E+00  3.18729880E-02  0.
    37 -6.29999995E-01  0.00000000E+00  0.00000000E+00  0.00000000E+00  3.08308877E-02  0.
    38 -6.20000005E-01  0.00000000E+00  0.00000000E+00  0.00000000E+00  2.98053711E-02  0.
    39 -6.10000014E-01  0.00000000E+00  0.00000000E+00  0.00000000E+00  2.87964534E-02  0.
    40 -6.00000024E-01  0.00000000E+00  0.00000000E+00  0.00000000E+00  2.78041494E-02  0.
    41 -5.89999974E-01  0.00000000E+00  0.00000000E+00  0.00000000E+00  2.68284691E-02  0.
    42 -5.79999983E-01  0.00000000E+00  0.00000000E+00  0.00000000E+00  2.58694339E-02  0.
    43 -5.69999993E-01  0.00000000E+00  0.00000000E+00  0.00000000E+00  2.49270572E-02  0.
    44 -5.60000002E-01  0.00000000E+00  0.00000000E+00  0.00000000E+00  2.40013537E-02  0.
    45 -5.50000012E-01  0.00000000E+00  0.00000000E+00  0.00000000E+00  2.30923352E-02  0.
    46 -5.40000021E-01  0.00000000E+00  0.00000000E+00  0.00000000E+00  2.22000246E-02  0.
    47 -5.29999971E-01  0.00000000E+00  0.00000000E+00  0.00000000E+00  2.13244259E-02  0.
    48 -5.19999981E-01  0.00000000E+00  0.00000000E+00  0.00000000E+00  2.04655720E-02  0.
    49 -5.09999990E-01  0.00000000E+00  0.00000000E+00  0.00000000E+00  1.96234719E-02  0.
    50 -5.00000000E-01  0.00000000E+00  0.00000000E+00  0.00000000E+00  1.87981447E-02  0.
    51 -4.90000010E-01  0.00000000E+00  0.00000000E+00  0.00000000E+00  1.79896076E-02  0.
    52 -4.79999989E-01  0.00000000E+00  0.00000000E+00  0.00000000E+00  1.71978784E-02  0.
    53 -4.69999999E-01  0.00000000E+00  0.00000000E+00  0.00000000E+00  1.64229791E-02  0.
    54 -4.60000008E-01  0.00000000E+00  0.00000000E+00  0.00000000E+00  1.56649293E-02  0.
    55 -4.49999988E-01  0.00000000E+00  0.00000000E+00  0.00000000E+00  1.49237483E-02  0.
    56 -4.39999998E-01  0.00000000E+00  0.00000000E+00  0.00000000E+00  1.41994605E-02  0.
    57 -4.30000007E-01  0.00000000E+00  0.00000000E+00  0.00000000E+00  1.34920885E-02  0.
    58 -4.19999987E-01  0.00000000E+00  0.00000000E+00  0.00000000E+00  1.28016535E-02  0.
    59 -4.09999996E-01  0.00000000E+00  0.00000000E+00  0.00000000E+00  1.21281844E-02  0.
    60 -4.00000006E-01  0.00000000E+00  0.00000000E+00  0.00000000E+00  1.14717061E-02  0.
    61 -3.89999986E-01  0.00000000E+00  0.00000000E+00  0.00000000E+00  1.08322458E-02  0.
    62 -3.79999995E-01  0.00000000E+00  0.00000000E+00  0.00000000E+00  1.02098353E-02  0.
    63 -3.70000005E-01  0.00000000E+00  0.00000000E+00  0.00000000E+00  9.60450674E-03  0.
    64 -3.60000014E-01  0.00000000E+00  0.00000000E+00  0.00000000E+00  9.01629293E-03  0.
    65 -3.49999994E-01  0.00000000E+00  0.00000000E+00  0.00000000E+00  8.44522880E-03  0.
    66 -3.40000004E-01  0.00000000E+00  0.00000000E+00  0.00000000E+00  7.89135720E-03  0.
    67 -3.30000013E-01  0.00000000E+00  0.00000000E+00  0.00000000E+00  7.35471882E-03  0.
    68 -3.19999993E-01  0.00000000E+00  0.00000000E+00  0.00000000E+00  6.83535854E-03  0.
    69 -3.10000002E-01  0.00000000E+00  0.00000000E+00  0.00000000E+00  6.33332993E-03  0.
    70 -3.00000012E-01  0.00000000E+00  0.00000000E+00  0.00000000E+00  5.84868565E-03  0.
    71 -2.89999992E-01  0.00000000E+00  0.00000000E+00  0.00000000E+00  5.38148592E-03  0.
    72 -2.80000001E-01  0.00000000E+00  0.00000000E+00  0.00000000E+00  4.93179974E-03  0.
    73 -2.70000011E-01  0.00000000E+00  0.00000000E+00  0.00000000E+00  4.49970277E-03  0.
    74 -2.59999990E-01  0.00000000E+00  0.00000000E+00  0.00000000E+00  4.08527719E-03  0.
    75 -2.50000000E-01  0.00000000E+00  0.00000000E+00  0.00000000E+00  3.68861767E-03  0.
    76 -2.39999995E-01  0.00000000E+00  0.00000000E+00  0.00000000E+00  3.30983247E-03  0.
    77 -2.30000004E-01  0.00000000E+00  0.00000000E+00  0.00000000E+00  2.94904374E-03  0.
    78 -2.19999999E-01  0.00000000E+00  0.00000000E+00  0.00000000E+00  2.60638974E-03  0.
    79 -2.09999993E-01  0.00000000E+00  0.00000000E+00  0.00000000E+00  2.28204743E-03  0.
    80 -2.00000003E-01  0.00000000E+00  0.00000000E+00  0.00000000E+00  1.97618547E-03  0.
    81 -1.89999998E-01  0.00000000E+00  0.00000000E+00  0.00000000E+00  1.68904778E-03  0.
    82 -1.80000007E-01  0.00000000E+00  0.00000000E+00  0.00000000E+00  1.42090543E-03  0.
    83 -1.70000002E-01  0.00000000E+00  0.00000000E+00  0.00000000E+00  1.17210597E-03  0.
    84 -1.59999996E-01  0.00000000E+00  0.00000000E+00  0.00000000E+00  9.43053380E-04  0.
    85 -1.50000006E-01  0.00000000E+00  0.00000000E+00  0.00000000E+00  7.34342137E-04  0.
    86 -1.40000001E-01  0.00000000E+00  0.00000000E+00  0.00000000E+00  5.46581525E-04  0.
    87 -1.29999995E-01  0.00000000E+00  0.00000000E+00  0.00000000E+00  3.81023431E-04  0.
    88 -1.19999997E-01  0.00000000E+00  0.00000000E+00  0.00000000E+00  2.38551903E-04  0.
    89 -1.09999999E-01  0.00000000E+00  0.00000000E+00  0.00000000E+00  1.22821507E-04  0.
    90 -1.00000001E-01  0.00000000E+00  0.00000000E+00  0.00000000E+00  3.49345911E-05  0.
    91 -9.00000036E-02  1.55466946E+02 -9.32801675E+01  1.60523299E-04 -7.77334729E-07  2.
    92 -7.99999982E-02  3.90028725E+02 -1.49078844E+02  4.80342304E-05 -1.95014363E-06  1.
    93 -7.00000003E-02  5.34022885E+02  7.58250247E+01  8.48438194E-06 -2.67011443E-06  1.
    94 -5.99999987E-02  6.27100731E+02  6.66567476E+01  0.00000000E+00 -3.13550366E-06  1.
    95 -5.00000007E-02  6.97144177E+02  3.40979536E+01  0.00000000E+00 -3.48572089E-06  1.
    96 -3.99999991E-02  7.49201327E+02  2.27558061E+01  0.00000000E+00 -3.74600663E-06  1.
    97 -2.99999993E-02  7.87438910E+02  1.83705993E+01  0.00000000E+00 -3.93719455E-06  1.
    98 -1.99999996E-02  8.13607336E+02  1.55142585E+01  0.00000000E+00 -4.06803668E-06  1.
    99 -9.99999978E-03  8.28914769E+02  1.35321153E+01  0.00000000E+00 -4.14457385E-06  1.
   100  0.00000000E+00  8.33952402E+02  1.28033163E+01  0.00000000E+00 -4.16976201E-06  1.
   101  9.99999978E-03  8.28910618E+02  1.27798063E+01  0.00000000E+00 -4.14455309E-06  1.
   102  1.99999996E-02  8.13599770E+02  1.29163520E+01  0.00000000E+00 -4.06799885E-06  1.
   103  2.99999993E-02  7.87422816E+02  1.46498394E+01  0.00000000E+00 -3.93711408E-06  1.
   104  3.99999991E-02  7.49176806E+02  1.86470083E+01  0.00000000E+00 -3.74588403E-06  1.
   105  5.00000007E-02  6.97087908E+02  2.90575771E+01  0.00000000E+00 -3.48543954E-06  1.
   106  5.99999987E-02  6.26709316E+02  5.16238528E+01  0.00000000E+00 -3.13354658E-06  1.
   107  7.00000003E-02  5.33267278E+02  7.91182103E+01  5.04558509E-06 -2.66633639E-06  1.
   108  7.99999982E-02  3.89862296E+02 -1.41187580E+02  4.36716363E-05 -1.94931148E-06  1.
   109  9.00000036E-02  1.56964603E+02 -9.41787616E+01  1.53932788E-04 -7.84823014E-07  2.
   110  1.00000001E-01  0.00000000E+00  0.00000000E+00  0.00000000E+00  3.45516054E-05  0.
   111  1.09999999E-01  0.00000000E+00  0.00000000E+00  0.00000000E+00  1.22374074E-04  0.
   112  1.19999997E-01  0.00000000E+00  0.00000000E+00  0.00000000E+00  2.37988907E-04  0.
   113  1.29999995E-01  0.00000000E+00  0.00000000E+00  0.00000000E+00  3.80389653E-04  0.
   114  1.40000001E-01  0.00000000E+00  0.00000000E+00  0.00000000E+00  5.45867291E-04  0.
   115  1.50000006E-01  0.00000000E+00  0.00000000E+00  0.00000000E+00  7.33557652E-04  0.
   116  1.59999996E-01  0.00000000E+00  0.00000000E+00  0.00000000E+00  9.42198013E-04  0.
   117  1.70000002E-01  0.00000000E+00  0.00000000E+00  0.00000000E+00  1.17118273E-03  0.
   118  1.80000007E-01  0.00000000E+00  0.00000000E+00  0.00000000E+00  1.41991499E-03  0.
   119  1.89999998E-01  0.00000000E+00  0.00000000E+00  0.00000000E+00  1.68799140E-03  0.
   120  2.00000003E-01  0.00000000E+00  0.00000000E+00  0.00000000E+00  1.97506379E-03  0.
   121  2.09999993E-01  0.00000000E+00  0.00000000E+00  0.00000000E+00  2.28085849E-03  0.
   122  2.19999999E-01  0.00000000E+00  0.00000000E+00  0.00000000E+00  2.60514543E-03  0.
   123  2.30000004E-01  0.00000000E+00  0.00000000E+00  0.00000000E+00  2.94772690E-03  0.
   124  2.39999995E-01  0.00000000E+00  0.00000000E+00  0.00000000E+00  3.30846095E-03  0.
   125  2.50000000E-01  0.00000000E+00  0.00000000E+00  0.00000000E+00  3.68718154E-03  0.
   126  2.59999990E-01  0.00000000E+00  0.00000000E+00  0.00000000E+00  4.08377592E-03  0.
   127  2.70000011E-01  0.00000000E+00  0.00000000E+00  0.00000000E+00  4.49813832E-03  0.
   128  2.80000001E-01  0.00000000E+00  0.00000000E+00  0.00000000E+00  4.93017205E-03  0.
   129  2.89999992E-01  0.00000000E+00  0.00000000E+00  0.00000000E+00  5.37979357E-03  0.
   130  3.00000012E-01  0.00000000E+00  0.00000000E+00  0.00000000E+00  5.84693123E-03  0.
   131  3.10000002E-01  0.00000000E+00  0.00000000E+00  0.00000000E+00  6.33151456E-03  0.
   132  3.19999993E-01  0.00000000E+00  0.00000000E+00  0.00000000E+00  6.83348165E-03  0.
   133  3.30000013E-01  0.00000000E+00  0.00000000E+00  0.00000000E+00  7.35278054E-03  0.
   134  3.40000004E-01  0.00000000E+00  0.00000000E+00  0.00000000E+00  7.88935764E-03  0.
   135  3.49999994E-01  0.00000000E+00  0.00000000E+00  0.00000000E+00  8.44316806E-03  0.
   136  3.60000014E-01  0.00000000E+00  0.00000000E+00  0.00000000E+00  9.01417107E-03  0.
   137  3.70000005E-01  0.00000000E+00  0.00000000E+00  0.00000000E+00  9.60232384E-03  0.
   138  3.79999995E-01  0.00000000E+00  0.00000000E+00  0.00000000E+00  1.02075914E-02  0.
   139  3.89999986E-01  0.00000000E+00  0.00000000E+00  0.00000000E+00  1.08299411E-02  0.
   140  4.00000006E-01  0.00000000E+00  0.00000000E+00  0.00000000E+00  1.14693405E-02  0.
   141  4.09999996E-01  0.00000000E+00  0.00000000E+00  0.00000000E+00  1.21257580E-02  0.
   142  4.19999987E-01  0.00000000E+00  0.00000000E+00  0.00000000E+00  1.27991664E-02  0.
   143  4.30000007E-01  0.00000000E+00  0.00000000E+00  0.00000000E+00  1.34895408E-02  0.
   144  4.39999998E-01  0.00000000E+00  0.00000000E+00  0.00000000E+00  1.41968521E-02  0.
   145  4.49999988E-01  0.00000000E+00  0.00000000E+00  0.00000000E+00  1.49210794E-02  0.
   146  4.60000008E-01  0.00000000E+00  0.00000000E+00  0.00000000E+00  1.56621998E-02  0.
   147  4.69999999E-01  0.00000000E+00  0.00000000E+00  0.00000000E+00  1.64201892E-02  0.
   148  4.79999989E-01  0.00000000E+00  0.00000000E+00  0.00000000E+00  1.71950280E-02  0.
   149  4.90000010E-01  0.00000000E+00  0.00000000E+00  0.00000000E+00  1.79866967E-02  0.
   150  5.00000000E-01  0.00000000E+00  0.00000000E+00  0.00000000E+00  1.87951735E-02  0.
   151  5.09999990E-01  0.00000000E+00  0.00000000E+00  0.00000000E+00  1.96204403E-02  0.
   152  5.19999981E-01  0.00000000E+00  0.00000000E+00  0.00000000E+00  2.04624801E-02  0.
   153  5.29999971E-01  0.00000000E+00  0.00000000E+00  0.00000000E+00  2.13212736E-02  0.
   154  5.40000021E-01  0.00000000E+00  0.00000000E+00  0.00000000E+00  2.21968122E-02  0.
   155  5.50000012E-01  0.00000000E+00  0.00000000E+00  0.00000000E+00  2.30890624E-02  0.
   156  5.60000002E-01  0.00000000E+00  0.00000000E+00  0.00000000E+00  2.39980209E-02  0.
   157  5.69999993E-01  0.00000000E+00  0.00000000E+00  0.00000000E+00  2.49236641E-02  0.
   158  5.79999983E-01  0.00000000E+00  0.00000000E+00  0.00000000E+00  2.58659806E-02  0.
   159  5.89999974E-01  0.00000000E+00  0.00000000E+00  0.00000000E+00  2.68249558E-02  0.
   160  6.00000024E-01  0.00000000E+00  0.00000000E+00  0.00000000E+00  2.78005792E-02  0.
   161  6.10000014E-01  0.00000000E+00  0.00000000E+00  0.00000000E+00  2.87928253E-02  0.
   162  6.20000005E-01  0.00000000E+00  0.00000000E+00  0.00000000E+00  2.98016817E-02  0.
   163  6.29999995E-01  0.00000000E+00  0.00000000E+00  0.00000000E+00  3.08271411E-02  0.
   164  6.39999986E-01  0.00000000E+00  0.00000000E+00  0.00000000E+00  3.18691899E-02  0.
   165  6.49999976E-01  0.00000000E+00  0.00000000E+00  0.00000000E+00  3.29277839E-02  0.
   166  6.60000026E-01  0.00000000E+00  0.00000000E+00  0.00000000E+00  3.40029628E-02  0.
   167  6.70000017E-01  0.00000000E+00  0.00000000E+00  0.00000000E+00  3.50946775E-02  0.
   168  6.80000007E-01  0.00000000E+00  0.00000000E+00  0.00000000E+00  3.62029159E-02  0.
   169  6.89999998E-01  0.00000000E+00  0.00000000E+00  0.00000000E+00  3.73276694E-02  0.
   170  6.99999988E-01  0.00000000E+00  0.00000000E+00  0.00000000E+00  3.84689218E-02  0.
   171  7.09999979E-01  0.00000000E+00  0.00000000E+00  0.00000000E+00  3.96266618E-02  0.
   172  7.20000029E-01  0.00000000E+00  0.00000000E+00  0.00000000E+00  4.08008794E-02  0.
   173  7.30000019E-01  0.00000000E+00  0.00000000E+00  0.00000000E+00  4.19915492E-02  0.
   174  7.40000010E-01  0.00000000E+00  0.00000000E+00  0.00000000E+00  4.31986645E-02  0.
   175  7.50000000E-01  0.00000000E+00  0.00000000E+00  0.00000000E+00  4.44222123E-02  0.
   176  7.59999990E-01  0.00000000E+00  0.00000000E+00  0.00000000E+00  4.56621751E-02  0.
   177  7.69999981E-01  0.00000000E+00  0.00000000E+00  0.00000000E+00  4.69185482E-02  0.
   178  7.79999971E-01  0.00000000E+00  0.00000000E+00  0.00000000E+00  4.81913186E-02  0.
   179  7.90000021E-01  0.00000000E+00  0.00000000E+00  0.00000000E+00  4.94804741E-02  0.
   180  8.00000012E-01  0.00000000E+00  0.00000000E+00  0.00000000E+00  5.07859919E-02  0.
   181  8.10000002E-01  0.00000000E+00  0.00000000E+00  0.00000000E+00  5.21078662E-02  0.
   182  8.19999993E-01  0.00000000E+00  0.00000000E+00  0.00000000E+00  5.34460793E-02  0.
   183  8.29999983E-01  0.00000000E+00  0.00000000E+00  0.00000000E+00  5.48006143E-02  0.
   184  8.39999974E-01  0.00000000E+00  0.00000000E+00  0.00000000E+00  5.61714566E-02  0.
   185  8.50000024E-01  0.00000000E+00  0.00000000E+00  0.00000000E+00  5.75586048E-02  0.
   186  8.60000014E-01  0.00000000E+00  0.00000000E+00  0.00000000E+00  5.89620279E-02  0.
   187  8.70000005E-01  0.00000000E+00  0.00000000E+00  0.00000000E+00  6.03817029E-02  0.
   188  8.79999995E-01  0.00000000E+00  0.00000000E+00  0.00000000E+00  6.18176765E-02  0.
   189  8.89999986E-01  0.00000000E+00  0.00000000E+00  0.00000000E+00  6.32698805E-02  0.
   190  8.99999976E-01  0.00000000E+00  0.00000000E+00  0.00000000E+00  6.47383223E-02  0.
   191  9.10000026E-01  0.00000000E+00  0.00000000E+00  0.00000000E+00  6.62229890E-02  0.
   192  9.20000017E-01  0.00000000E+00  0.00000000E+00  0.00000000E+00  6.77238447E-02  0.
   193  9.30000007E-01  0.00000000E+00  0.00000000E+00  0.00000000E+00  6.92408844E-02  0.
   194  9.39999998E-01  0.00000000E+00  0.00000000E+00  0.00000000E+00  7.07740933E-02  0.
   195  9.49999988E-01  0.00000000E+00  0.00000000E+00  0.00000000E+00  7.23234720E-02  0.
   196  9.59999979E-01  0.00000000E+00  0.00000000E+00  0.00000000E+00  7.38890010E-02  0.
   197  9.70000029E-01  0.00000000E+00  0.00000000E+00  0.00000000E+00  7.54706869E-02  0.
   198  9.80000019E-01  0.00000000E+00  0.00000000E+00  0.00000000E+00  7.70684698E-02  0.
   199  9.90000010E-01  0.00000000E+00  0.00000000E+00  0.00000000E+00  7.86823677E-02  0.
STEP   5 TIME  5.00000000E+00
     1 -9.90000010E-01  0.00000000E+00  0.00000000E+00  0.00000000E+00  7.85646783E-02  0.
     2 -9.80000019E-01  0.00000000E+00  0.00000000E+00  0.00000000E+00  7.69523104E-02  0.
     3 -9.70000029E-01  0.00000000E+00  0.00000000E+00  0.00000000E+00  7.53560278E-02  0.
     4 -9.59999979E-01  0.00000000E+00  0.00000000E+00  0.00000000E+00  7.37758586E-02  0.
     5 -9.49999988E-01  0.00000000E+00  0.00000000E+00  0.00000000E+00  7.22118156E-02  0.
     6 -9.39999998E-01  0.00000000E+00  0.00000000E+00  0.00000000E+00  7.06639139E-02  0.
     7 -9.30000007E-01  0.00000000E+00  0.00000000E+00  0.00000000E+00  6.91321638E-02  0.
     8 -9.20000017E-01  0.00000000E+00  0.00000000E+00  0.00000000E+00  6.76165991E-02  0.
     9 -9.10000026E-01  0.00000000E+00  0.00000000E+00  0.00000000E+00  6.61172225E-02  0.
    10 -8.99999976E-01  0.00000000E+00  0.00000000E+00  0.00000000E+00  6.46340448E-02  0.
    11 -8.89999986E-01  0.00000000E+00  0.00000000E+00  0.00000000E+00  6.31670867E-02  0.
    12 -8.79999995E-01  0.00000000E+00  0.00000000E+00  0.00000000E+00  6.17163510E-02  0.
    13 -8.70000005E-01  0.00000000E+00  0.00000000E+00  0.00000000E+00  6.02818549E-02  0.
    14 -8.60000014E-01  0.00000000E+00  0.00000000E+00  0.00000000E+00  5.88636088E-02  0.
    15 -8.50000024E-01  0.00000000E+00  0.00000000E+00  0.00000000E+00  5.74616317E-02  0.
    16 -8.39999974E-01  0.00000000E+00  0.00000000E+00  0.00000000E+00  5.60759639E-02  0.
    17 -8.29999983E-01  0.00000000E+00  0.00000000E+00  0.00000000E+00  5.47065037E-02  0.
    18 -8.19999993E-01  0.00000000E+00  0.00000000E+00  0.00000000E+00  5.33534450E-02  0.
    19 -8.10000002E-01  0.00000000E+00  0.00000000E+00  0.00000000E+00  5.20166906E-02  0.
    20 -8.00000012E-01  0.00000000E+00  0.00000000E+00  0.00000000E+00  5.06962735E-02  0.
    21 -7.90000021E-01  0.00000000E+00  0.00000000E+00  0.00000000E+00  4.93922009E-02  0.
    22 -7.79999971E-01  0.00000000E+00  0.00000000E+00  0.00000000E+00  4.81044851E-02  0.
    23 -7.69999981E-01  0.00000000E+00  0.00000000E+00  0.00000000E+00  4.68331493E-02  0.
    24 -7.59999990E-01  0.00000000E+00  0.00000000E+00  0.00000000E+00  4.55782005E-02  0.
    25 -7.50000000E-01  0.00000000E+00  0.00000000E+00  0.00000000E+00  4.43396558E-02  0.
    26 -7.40000010E-01  0.00000000E+00  0.00000000E+00  0.00000000E+00  4.31175321E-02  0.
    27 -7.30000019E-01  0.00000000E+00  0.00000000E+00  0.00000000E+00  4.19118376E-02  0.
    28 -7.20000029E-01  0.00000000E+00  0.00000000E+00  0.00000000E+00  4.07225876E-02  0.
    29 -7.09999979E-01  0.00000000E+00  0.00000000E+00  0.00000000E+00  3.95497883E-02  0.
    30 -6.99999988E-01  0.00000000E+00  0.00000000E+00  0.00000000E+00  3.83934690E-02  0.
    31 -6.89999998E-01  0.00000000E+00  0.00000000E+00  0.00000000E+00  3.72536323E-02  0.
    32 -6.80000007E-01  0.00000000E+00  0.00000000E+00  0.00000000E+00  3.61302908E-02  0.
    33 -6.70000017E-01  0.00000000E+00  0.00000000E+00  0.00000000E+00  3.50234595E-02  0.
    34 -6.60000026E-01  0.00000000E+00  0.00000000E+00  0.00000000E+00  3.39331491E-02  0.
    35 -6.49999976E-01  0.00000000E+00  0.00000000E+00  0.00000000E+00  3.28593708E-02  0.
    36 -6.39999986E-01  0.00000000E+00  0.00000000E+00  0.00000000E+00  3.18021508E-02  0.
    37 -6.29999995E-01  0.00000000E+00  0.00000000E+00  0.00000000E+00  3.07614944E-02  0.
    38 -6.20000005E-01  0.00000000E+00  0.00000000E+00  0.00000000E+00  2.97374159E-02  0.
    39 -6.10000014E-01  0.00000000E+00  0.00000000E+00  0.00000000E+00  2.87299331E-02  0.
    40 -6.00000024E-01  0.00000000E+00  0.00000000E+00  0.00000000E+00  2.77390565E-02  0.
    41 -5.89999974E-01  0.00000000E+00  0.00000000E+00  0.00000000E+00  2.67647989E-02  0.
    42 -5.79999983E-01  0.00000000E+00  0.00000000E+00  0.00000000E+00  2.58071815E-02  0.
    43 -5.69999993E-01  0.00000000E+00  0.00000000E+00  0.00000000E+00  2.48662186E-02  0.
    44 -5.60000002E-01  0.00000000E+00  0.00000000E+00  0.00000000E+00  2.39419248E-02  0.
    45 -5.50000012E-01  0.00000000E+00  0.00000000E+00  0.00000000E+00  2.30343099E-02  0.
    46 -5.40000021E-01  0.00000000E+00  0.00000000E+00  0.00000000E+00  2.21434000E-02  0.
    47 -5.29999971E-01  0.00000000E+00  0.00000000E+00  0.00000000E+00  2.12691437E-02  0.
    48 -5.19999981E-01  0.00000000E+00  0.00000000E+00  0.00000000E+00  2.04117092E-02  0.
    49 -5.09999990E-01  0.00000000E+00  0.00000000E+00  0.00000000E+00  1.95709923E-02  0.
    50 -5.00000000E-01  0.00000000E+00  0.00000000E+00  0.00000000E+00  1.87470458E-02  0.
    51 -4.90000010E-01  0.00000000E+00  0.00000000E+00  0.00000000E+00  1.79398833E-02  0.
    52 -4.79999989E-01  0.00000000E+00  0.00000000E+00  0.00000000E+00  1.71495236E-02  0.
    53 -4.69999999E-01  0.00000000E+00  0.00000000E+00  0.00000000E+00  1.63759871E-02  0.
    54 -4.60000008E-01  0.00000000E+00  0.00000000E+00  0.00000000E+00  1.56192942E-02  0.
    55 -4.49999988E-01  0.00000000E+00  0.00000000E+00  0.00000000E+00  1.48794646E-02  0.
    56 -4.39999998E-01  0.00000000E+00  0.00000000E+00  0.00000000E+00  1.41565210E-02  0.
    57 -4.30000007E-01  0.00000000E+00  0.00000000E+00  0.00000000E+00  1.34504874E-02  0.
    58 -4.19999987E-01  0.00000000E+00  0.00000000E+00  0.00000000E+00  1.27613839E-02  0.
    59 -4.09999996E-01  0.00000000E+00  0.00000000E+00  0.00000000E+00  1.20892393E-02  0.
    60 -4.00000006E-01  0.00000000E+00  0.00000000E+00  0.00000000E+00  1.14340784E-02  0.
    61 -3.89999986E-01  0.00000000E+00  0.00000000E+00  0.00000000E+00  1.07959289E-02  0.
    62 -3.79999995E-01  0.00000000E+00  0.00000000E+00  0.00000000E+00  1.01748208E-02  0.
    63 -3.70000005E-01  0.00000000E+00  0.00000000E+00  0.00000000E+00  9.57078789E-03  0.
    64 -3.60000014E-01  0.00000000E+00  0.00000000E+00  0.00000000E+00  8.98386176E-03  0.
    65 -3.49999994E-01  0.00000000E+00  0.00000000E+00  0.00000000E+00  8.41407721E-03  0.
    66 -3.40000004E-01  0.00000000E+00  0.00000000E+00  0.00000000E+00  7.86147570E-03  0.
    67 -3.30000013E-01  0.00000000E+00  0.00000000E+00  0.00000000E+00  7.32614194E-03  0.
    68 -3.19999993E-01  0.00000000E+00  0.00000000E+00  0.00000000E+00  6.80802146E-03  0.
    69 -3.10000002E-01  0.00000000E+00  0.00000000E+00  0.00000000E+00  6.30723966E-03  0.
    70 -3.00000012E-01  0.00000000E+00  0.00000000E+00  0.00000000E+00  5.82383291E-03  0.
    71 -2.89999992E-01  0.00000000E+00  0.00000000E+00  0.00000000E+00  5.35786158E-03  0.
    72 -2.80000001E-01  0.00000000E+00  0.00000000E+00  0.00000000E+00  4.90939517E-03  0.
    73 -2.70000011E-01  0.00000000E+00  0.00000000E+00  0.00000000E+00  4.47850650E-03  0.
    74 -2.59999990E-01  0.00000000E+00  0.00000000E+00  0.00000000E+00  4.06527793E-03  0.
    75 -2.50000000E-01  0.00000000E+00  0.00000000E+00  0.00000000E+00  3.66980509E-03  0.
    76 -2.39999995E-01  0.00000000E+00  0.00000000E+00  0.00000000E+00  3.29219421E-03  0.
    77 -2.30000004E-01  0.00000000E+00  0.00000000E+00  0.00000000E+00  2.93256715E-03  0.
    78 -2.19999999E-01  0.00000000E+00  0.00000000E+00  0.00000000E+00  2.59106370E-03  0.
    79 -2.09999993E-01  0.00000000E+00  0.00000000E+00  0.00000000E+00  2.26784841E-03  0.
    80 -2.00000003E-01  0.00000000E+00  0.00000000E+00  0.00000000E+00  1.96311329E-03  0.
    81 -1.89999998E-01  0.00000000E+00  0.00000000E+00  0.00000000E+00  1.67708848E-03  0.
    82 -1.80000007E-01  0.00000000E+00  0.00000000E+00  0.00000000E+00  1.41004733E-03  0.
    83 -1.70000002E-01  0.00000000E+00  0.00000000E+00  0.00000000E+00  1.16233900E-03  0.
    84 -1.59999996E-01  0.00000000E+00  0.00000000E+00  0.00000000E+00  9.34366033E-04  0.
    85 -1.50000006E-01  0.00000000E+00  0.00000000E+00  0.00000000E+00  7.26729709E-04  0.
    86 -1.40000001E-01  0.00000000E+00  0.00000000E+00  0.00000000E+00  5.40030440E-04  0.
    87 -1.29999995E-01  0.00000000E+00  0.00000000E+00  0.00000000E+00  3.75552445E-04  0.
    88 -1.19999997E-01  0.00000000E+00  0.00000000E+00  0.00000000E+00  2.34128642E-04  0.
    89 -1.09999999E-01  0.00000000E+00  0.00000000E+00  0.00000000E+00  1.19579399E-04  0.
    90 -1.00000001E-01  0.00000000E+00  0.00000000E+00  0.00000000E+00  3.27358036E-05  0.
    91 -9.00000036E-02  1.62497368E+02 -9.74984206E+01  3.04102277E-04 -8.12486838E-07  2.
    92 -7.99999982E-02  3.92850984E+02 -2.35710590E+02  1.39866925E-04 -1.96425492E-06  2.
    93 -7.00000003E-02  5.34939373E+02 -3.20963624E+02  2.20430590E-05 -2.67469687E-06  2.
    94 -5.99999987E-02  6.28211814E+02 -2.42620181E+02  0.00000000E+00 -3.14105907E-06  1.
    95 -5.00000007E-02  6.98078897E+02 -1.94738229E+02  0.00000000E+00 -3.49039449E-06  1.
    96 -3.99999991E-02  7.49922842E+02 -1.70802190E+02  0.00000000E+00 -3.74961421E-06  1.
    97 -2.99999993E-02  7.87941212E+02 -1.58051692E+02  0.00000000E+00 -3.93970606E-06  1.
    98 -1.99999996E-02  8.13921741E+02 -1.51055521E+02  0.00000000E+00 -4.06960871E-06  1.
    99 -9.99999978E-03  8.29046482E+02 -1.47989214E+02  0.00000000E+00 -4.14523241E-06  1.
   100  0.00000000E+00  8.33908230E+02 -1.47105919E+02  0.00000000E+00 -4.16954115E-06  1.
   101  9.99999978E-03  8.28688692E+02 -1.48766273E+02  0.00000000E+00 -4.14344346E-06  1.
   102  1.99999996E-02  8.13191820E+02 -1.53707897E+02  0.00000000E+00 -4.06595910E-06  1.
   103  2.99999993E-02  7.86815932E+02 -1.61859229E+02  0.00000000E+00 -3.93407966E-06  1.
   104  3.99999991E-02  7.48342154E+02 -1.75057692E+02  0.00000000E+00 -3.74171077E-06  1.
   105  5.00000007E-02  6.96013182E+02 -1.99983537E+02  0.00000000E+00 -3.48006591E-06  1.
   106  5.99999987E-02  6.25342892E+02 -2.57999155E+02  0.00000000E+00 -3.12671446E-06  1.
   107  7.00000003E-02  5.31975686E+02 -3.19185412E+02  1.85722635E-05 -2.65987843E-06  2.
   108  7.99999982E-02  3.86753647E+02 -2.32052188E+02  1.35281117E-04 -1.93376823E-06  2.
   109  9.00000036E-02  1.49852384E+02 -8.99114302E+01  2.99085787E-04 -7.49261918E-07  2.
   110  1.00000001E-01  0.00000000E+00  0.00000000E+00  0.00000000E+00  3.67536458E-05  0.
   111  1.09999999E-01  0.00000000E+00  0.00000000E+00  0.00000000E+00  1.25612467E-04  0.
   112  1.19999997E-01  0.00000000E+00  0.00000000E+00  0.00000000E+00  2.42413131E-04  0.
   113  1.29999995E-01  0.00000000E+00  0.00000000E+00  0.00000000E+00  3.85862178E-04  0.
   114  1.40000001E-01  0.00000000E+00  0.00000000E+00  0.00000000E+00  5.52421583E-04  0.
   115  1.50000006E-01  0.00000000E+00  0.00000000E+00  0.00000000E+00  7.41174187E-04  0.
   116  1.59999996E-01  0.00000000E+00  0.00000000E+00  0.00000000E+00  9.50877966E-04  0.
   117  1.70000002E-01  0.00000000E+00  0.00000000E+00  0.00000000E+00  1.18097051E-03  0.
   118  1.80000007E-01  0.00000000E+00  0.00000000E+00  0.00000000E+00  1.43080120E-03  0.
   119  1.89999998E-01  0.00000000E+00  0.00000000E+00  0.00000000E+00  1.69998721E-03  0.
   120  2.00000003E-01  0.00000000E+00  0.00000000E+00  0.00000000E+00  1.98818276E-03  0.
   121  2.09999993E-01  0.00000000E+00  0.00000000E+00  0.00000000E+00  2.29511270E-03  0.
   122  2.19999999E-01  0.00000000E+00  0.00000000E+00  0.00000000E+00  2.62054972E-03  0.
   123  2.30000004E-01  0.00000000E+00  0.00000000E+00  0.00000000E+00  2.96429585E-03  0.
   124  2.39999995E-01  0.00000000E+00  0.00000000E+00  0.00000000E+00  3.32618799E-03  0.
   125  2.50000000E-01  0.00000000E+00  0.00000000E+00  0.00000000E+00  3.70608607E-03  0.
   126  2.59999990E-01  0.00000000E+00  0.00000000E+00  0.00000000E+00  4.10386745E-03  0.
   127  2.70000011E-01  0.00000000E+00  0.00000000E+00  0.00000000E+00  4.51942583E-03  0.
   128  2.80000001E-01  0.00000000E+00  0.00000000E+00  0.00000000E+00  4.95266481E-03  0.
   129  2.89999992E-01  0.00000000E+00  0.00000000E+00  0.00000000E+00  5.40350163E-03  0.
   130  3.00000012E-01  0.00000000E+00  0.00000000E+00  0.00000000E+00  5.87186281E-03  0.
   131  3.10000002E-01  0.00000000E+00  0.00000000E+00  0.00000000E+00  6.35767817E-03  0.
   132  3.19999993E-01  0.00000000E+00  0.00000000E+00  0.00000000E+00  6.86088764E-03  0.
   133  3.30000013E-01  0.00000000E+00  0.00000000E+00  0.00000000E+00  7.38143792E-03  0.
   134  3.40000004E-01  0.00000000E+00  0.00000000E+00  0.00000000E+00  7.91927529E-03  0.
   135  3.49999994E-01  0.00000000E+00  0.00000000E+00  0.00000000E+00  8.47435468E-03  0.
   136  3.60000014E-01  0.00000000E+00  0.00000000E+00  0.00000000E+00  9.04663517E-03  0.
   137  3.70000005E-01  0.00000000E+00  0.00000000E+00  0.00000000E+00  9.63607378E-03  0.
   138  3.79999995E-01  0.00000000E+00  0.00000000E+00  0.00000000E+00  1.02426354E-02  0.
   139  3.89999986E-01  0.00000000E+00  0.00000000E+00  0.00000000E+00  1.08662863E-02  0.
   140  4.00000006E-01  0.00000000E+00  0.00000000E+00  0.00000000E+00  1.15069954E-02  0.
   141  4.09999996E-01  0.00000000E+00  0.00000000E+00  0.00000000E+00  1.21647296E-02  0.
   142  4.19999987E-01  0.00000000E+00  0.00000000E+00  0.00000000E+00  1.28394621E-02  0.
   143  4.30000007E-01  0.00000000E+00  0.00000000E+00  0.00000000E+00  1.35311680E-02  0.
   144  4.39999998E-01  0.00000000E+00  0.00000000E+00  0.00000000E+00  1.42398180E-02  0.
   145  4.49999988E-01  0.00000000E+00  0.00000000E+00  0.00000000E+00  1.49653901E-02  0.
   146  4.60000008E-01  0.00000000E+00  0.00000000E+00  0.00000000E+00  1.57078628E-02  0.
   147  4.69999999E-01  0.00000000E+00  0.00000000E+00  0.00000000E+00  1.64672105E-02  0.
   148  4.79999989E-01  0.00000000E+00  0.00000000E+00  0.00000000E+00  1.72434137E-02  0.
   149  4.90000010E-01  0.00000000E+00  0.00000000E+00  0.00000000E+00  1.80364541E-02  0.
   150  5.00000000E-01  0.00000000E+00  0.00000000E+00  0.00000000E+00  1.88463080E-02  0.
   151  5.09999990E-01  0.00000000E+00  0.00000000E+00  0.00000000E+00  1.96729583E-02  0.
   152  5.19999981E-01  0.00000000E+00  0.00000000E+00  0.00000000E+00  2.05163870E-02  0.
   153  5.29999971E-01  0.00000000E+00  0.00000000E+00  0.00000000E+00  2.13765758E-02  0.
   154  5.40000021E-01  0.00000000E+00  0.00000000E+00  0.00000000E+00  2.22535136E-02  0.
   155  5.50000012E-01  0.00000000E+00  0.00000000E+00  0.00000000E+00  2.31471712E-02  0.
   156  5.60000002E-01  0.00000000E+00  0.00000000E+00  0.00000000E+00  2.40575397E-02  0.
   157  5.69999993E-01  0.00000000E+00  0.00000000E+00  0.00000000E+00  2.49846004E-02  0.
   158  5.79999983E-01  0.00000000E+00  0.00000000E+00  0.00000000E+00  2.59283389E-02  0.
   159  5.89999974E-01  0.00000000E+00  0.00000000E+00  0.00000000E+00  2.68887403E-02  0.
   160  6.00000024E-01  0.00000000E+00  0.00000000E+00  0.00000000E+00  2.78657930E-02  0.
   161  6.10000014E-01  0.00000000E+00  0.00000000E+00  0.00000000E+00  2.88594725E-02  0.
   162  6.20000005E-01  0.00000000E+00  0.00000000E+00  0.00000000E+00  2.98697680E-02  0.
   163  6.29999995E-01  0.00000000E+00  0.00000000E+00  0.00000000E+00  3.08966670E-02  0.
   164  6.39999986E-01  0.00000000E+00  0.00000000E+00  0.00000000E+00  3.19401529E-02  0.
   165  6.49999976E-01  0.00000000E+00  0.00000000E+00  0.00000000E+00  3.30002109E-02  0.
   166  6.60000026E-01  0.00000000E+00  0.00000000E+00  0.00000000E+00  3.40768352E-02  0.
   167  6.70000017E-01  0.00000000E+00  0.00000000E+00  0.00000000E+00  3.51699999E-02  0.
   168  6.80000007E-01  0.00000000E+00  0.00000000E+00  0.00000000E+00  3.62796928E-02  0.
   169  6.89999998E-01  0.00000000E+00  0.00000000E+00  0.00000000E+00  3.74059039E-02  0.
   170  6.99999988E-01  0.00000000E+00  0.00000000E+00  0.00000000E+00  3.85486239E-02  0.
   171  7.09999979E-01  0.00000000E+00  0.00000000E+00  0.00000000E+00  3.97078346E-02  0.
   172  7.20000029E-01  0.00000000E+00  0.00000000E+00  0.00000000E+00  4.08835480E-02  0.
   173  7.30000019E-01  0.00000000E+00  0.00000000E+00  0.00000000E+00  4.20756508E-02  0.
   174  7.40000010E-01  0.00000000E+00  0.00000000E+00  0.00000000E+00  4.32842577E-02  0.
   175  7.50000000E-01  0.00000000E+00  0.00000000E+00  0.00000000E+00  4.45093026E-02  0.
   176  7.59999990E-01  0.00000000E+00  0.00000000E+00  0.00000000E+00  4.57507624E-02  0.
   177  7.69999981E-01  0.00000000E+00  0.00000000E+00  0.00000000E+00  4.70086354E-02  0.
   178  7.79999971E-01  0.00000000E+00  0.00000000E+00  0.00000000E+00  4.82829026E-02  0.
   179  7.90000021E-01  0.00000000E+00  0.00000000E+00  0.00000000E+00  4.95735548E-02  0.
   180  8.00000012E-01  0.00000000E+00  0.00000000E+00  0.00000000E+00  5.08805694E-02  0.
   181  8.10000002E-01  0.00000000E+00  0.00000000E+00  0.00000000E+00  5.22039355E-02  0.
   182  8.19999993E-01  0.00000000E+00  0.00000000E+00  0.00000000E+00  5.35436456E-02  0.
   183  8.29999983E-01  0.00000000E+00  0.00000000E+00  0.00000000E+00  5.48996911E-02  0.
   184  8.39999974E-01  0.00000000E+00  0.00000000E+00  0.00000000E+00  5.62720470E-02  0.
   185  8.50000024E-01  0.00000000E+00  0.00000000E+00  0.00000000E+00  5.76607199E-02  0.
   186  8.60000014E-01  0.00000000E+00  0.00000000E+00  0.00000000E+00  5.90656751E-02  0.
   187  8.70000005E-01  0.00000000E+00  0.00000000E+00  0.00000000E+00  6.04869018E-02  0.
   188  8.79999995E-01  0.00000000E+00  0.00000000E+00  0.00000000E+00  6.19243837E-02  0.
   189  8.89999986E-01  0.00000000E+00  0.00000000E+00  0.00000000E+00  6.33781111E-02  0.
   190  8.99999976E-01  0.00000000E+00  0.00000000E+00  0.00000000E+00  6.48480635E-02  0.
   191  9.10000026E-01  0.00000000E+00  0.00000000E+00  0.00000000E+00  6.63341976E-02  0.
   192  9.20000017E-01  0.00000000E+00  0.00000000E+00  0.00000000E+00  6.78366100E-02  0.
   193  9.30000007E-01  0.00000000E+00  0.00000000E+00  0.00000000E+00  6.93551969E-02  0.
   194  9.39999998E-01  0.00000000E+00  0.00000000E+00  0.00000000E+00  7.08899617E-02  0.
   195  9.49999988E-01  0.00000000E+00  0.00000000E+00  0.00000000E+00  7.24408885E-02  0.
   196  9.59999979E-01  0.00000000E+00  0.00000000E+00  0.00000000E+00  7.40079570E-02  0.
   197  9.70000029E-01  0.00000000E+00  0.00000000E+00  0.00000000E+00  7.55911788E-02  0.
   198  9.80000019E-01  0.00000000E+00  0.00000000E+00  0.00000000E+00  7.71904894E-02  0.
   199  9.90000010E-01  0.00000000E+00  0.00000000E+00  0.00000000E+00  7.88059827E-02  0.
