STEP   1 TIME  1.00000000E+00
     1 -9.90000010E-01  0.00000000E+00  0.00000000E+00  0.00000000E+00  8.09689014E-02  0.
     2 -9.80000019E-01  0.00000000E+00  0.00000000E+00  0.00000000E+00  7.93491877E-02  0.
     3 -9.70000029E-01  0.00000000E+00  0.00000000E+00  0.00000000E+00  7.77454963E-02  0.
     4 -9.59999979E-01  0.00000000E+00  0.00000000E+00  0.00000000E+00  7.61578263E-02  0.
     5 -9.49999988E-01  0.00000000E+00  0.00000000E+00  0.00000000E+00  7.45862097E-02  0.
     6 -9.39999998E-01  0.00000000E+00  0.00000000E+00  0.00000000E+00  7.30306513E-02  0.
     7 -9.30000007E-01  0.00000000E+00  0.00000000E+00  0.00000000E+00  7.14911793E-02  0.
     8 -9.20000017E-01  0.00000000E+00  0.00000000E+00  0.00000000E+00  6.99678003E-02  0.
     9 -9.10000026E-01  0.00000000E+00  0.00000000E+00  0.00000000E+00  6.84605253E-02  0.
    10 -8.99999976E-01  0.00000000E+00  0.00000000E+00  0.00000000E+00  6.69693478E-02  0.
    11 -8.89999986E-01  0.00000000E+00  0.00000000E+00  0.00000000E+00  6.54943005E-02  0.
    12 -8.79999995E-01  0.00000000E+00  0.00000000E+00  0.00000000E+00  6.40353824E-02  0.
    13 -8.70000005E-01  0.00000000E+00  0.00000000E+00  0.00000000E+00  6.25926105E-02  0.
    14 -8.60000014E-01  0.00000000E+00  0.00000000E+00  0.00000000E+00  6.11660108E-02  0.
    15 -8.50000024E-01  0.00000000E+00  0.00000000E+00  0.00000000E+00  5.97555380E-02  0.
    16 -8.39999974E-01  0.00000000E+00  0.00000000E+00  0.00000000E+00  5.83613207E-02  0.
    17 -8.29999983E-01  0.00000000E+00  0.00000000E+00  0.00000000E+00  5.69832722E-02  0.
    18 -8.19999993E-01  0.00000000E+00  0.00000000E+00  0.00000000E+00  5.56214220E-02  0.
    19 -8.10000002E-01  0.00000000E+00  0.00000000E+00  0.00000000E+00  5.42757824E-02  0.
    20 -8.00000012E-01  0.00000000E+00  0.00000000E+00  0.00000000E+00  5.29463694E-02  0.
    21 -7.90000021E-01  0.00000000E+00  0.00000000E+00  0.00000000E+00  5.16331894E-02  0.
    22 -7.79999971E-01  0.00000000E+00  0.00000000E+00  0.00000000E+00  5.03362502E-02  0.
    23 -7.69999981E-01  0.00000000E+00  0.00000000E+00  0.00000000E+00  4.90555767E-02  0.
    24 -7.59999990E-01  0.00000000E+00  0.00000000E+00  0.00000000E+00  4.77911776E-02  0.
    25 -7.50000000E-01  0.00000000E+00  0.00000000E+00  0.00000000E+00  4.65430594E-02  0.
    26 -7.40000010E-01  0.00000000E+00  0.00000000E+00  0.00000000E+00  4.53112288E-02  0.
    27 -7.30000019E-01  0.00000000E+00  0.00000000E+00  0.00000000E+00  4.40957051E-02  0.
    28 -7.20000029E-01  0.00000000E+00  0.00000000E+00  0.00000000E+00  4.28964898E-02  0.
    29 -7.09999979E-01  0.00000000E+00  0.00000000E+00  0.00000000E+00  4.17135860E-02  0.
    30 -6.99999988E-01  0.00000000E+00  0.00000000E+00  0.00000000E+00  4.05470161E-02  0.
    31 -6.89999998E-01  0.00000000E+00  0.00000000E+00  0.00000000E+00  3.93967852E-02  0.
    32 -6.80000007E-01  0.00000000E+00  0.00000000E+00  0.00000000E+00  3.82629011E-02  0.
    33 -6.70000017E-01  0.00000000E+00  0.00000000E+00  0.00000000E+00  3.71453755E-02  0.
    34 -6.60000026E-01  0.00000000E+00  0.00000000E+00  0.00000000E+00  3.60442134E-02  0.
    35 -6.49999976E-01  0.00000000E+00  0.00000000E+00  0.00000000E+00  3.49594227E-02  0.
    36 -6.39999986E-01  0.00000000E+00  0.00000000E+00  0.00000000E+00  3.38910248E-02  0.
    37 -6.29999995E-01  0.00000000E+00  0.00000000E+00  0.00000000E+00  3.28390192E-02  0.
    38 -6.20000005E-01  0.00000000E+00  0.00000000E+00  0.00000000E+00  3.18034149E-02  0.
    39 -6.10000014E-01  0.00000000E+00  0.00000000E+00  0.00000000E+00  3.07842295E-02  0.
    40 -6.00000024E-01  0.00000000E+00  0.00000000E+00  0.00000000E+00  2.97814686E-02  0.
    41 -5.89999974E-01  0.00000000E+00  0.00000000E+00  0.00000000E+00  2.87951223E-02  0.
    42 -5.79999983E-01  0.00000000E+00  0.00000000E+00  0.00000000E+00  2.78252205E-02  0.
    43 -5.69999993E-01  0.00000000E+00  0.00000000E+00  0.00000000E+00  2.68717680E-02  0.
    44 -5.60000002E-01  0.00000000E+00  0.00000000E+00  0.00000000E+00  2.59347702E-02  0.
    45 -5.50000012E-01  0.00000000E+00  0.00000000E+00  0.00000000E+00  2.50142294E-02  0.
    46 -5.40000021E-01  0.00000000E+00  0.00000000E+00  0.00000000E+00  2.41101632E-02  0.
    47 -5.29999971E-01  0.00000000E+00  0.00000000E+00  0.00000000E+00  2.32225664E-02  0.
    48 -5.19999981E-01  0.00000000E+00  0.00000000E+00  0.00000000E+00  2.23514625E-02  0.
    49 -5.09999990E-01  0.00000000E+00  0.00000000E+00  0.00000000E+00  2.14968499E-02  0.
    50 -5.00000000E-01  0.00000000E+00  0.00000000E+00  0.00000000E+00  2.06587382E-02  0.
    51 -4.90000010E-01  0.00000000E+00  0.00000000E+00  0.00000000E+00  1.98371332E-02  0.
    52 -4.79999989E-01  0.00000000E+00  0.00000000E+00  0.00000000E+00  1.90320414E-02  0.
    53 -4.69999999E-01  0.00000000E+00  0.00000000E+00  0.00000000E+00  1.82434724E-02  0.
    54 -4.60000008E-01  0.00000000E+00  0.00000000E+00  0.00000000E+00  1.74714326E-02  0.
    55 -4.49999988E-01  0.00000000E+00  0.00000000E+00  0.00000000E+00  1.67159277E-02  0.
    56 -4.39999998E-01  0.00000000E+00  0.00000000E+00  0.00000000E+00  1.59769664E-02  0.
    57 -4.30000007E-01  0.00000000E+00  0.00000000E+00  0.00000000E+00  1.52545559E-02  0.
    58 -4.19999987E-01  0.00000000E+00  0.00000000E+00  0.00000000E+00  1.45486995E-02  0.
    59 -4.09999996E-01  0.00000000E+00  0.00000000E+00  0.00000000E+00  1.38594078E-02  0.
    60 -4.00000006E-01  0.00000000E+00  0.00000000E+00  0.00000000E+00  1.31866855E-02  0.
    61 -3.89999986E-01  0.00000000E+00  0.00000000E+00  0.00000000E+00  1.25305383E-02  0.
    62 -3.79999995E-01  0.00000000E+00  0.00000000E+00  0.00000000E+00  1.18909741E-02  0.
    63 -3.70000005E-01  0.00000000E+00  0.00000000E+00  0.00000000E+00  1.12680000E-02  0.
    64 -3.60000014E-01  0.00000000E+00  0.00000000E+00  0.00000000E+00  1.06616209E-02  0.
    65 -3.49999994E-01  0.00000000E+00  0.00000000E+00  0.00000000E+00  1.00718414E-02  0.
    66 -3.40000004E-01  0.00000000E+00  0.00000000E+00  0.00000000E+00  9.49867149E-03  0.
    67 -3.30000013E-01  0.00000000E+00  0.00000000E+00  0.00000000E+00  8.94211544E-03  0.
    68 -3.19999993E-01  0.00000000E+00  0.00000000E+00  0.00000000E+00  8.40217780E-03  0.
    69 -3.10000002E-01  0.00000000E+00  0.00000000E+00  0.00000000E+00  7.87886916E-03  0.
    70 -3.00000012E-01  0.00000000E+00  0.00000000E+00  0.00000000E+00  7.37219406E-03  0.
    71 -2.89999992E-01  0.00000000E+00  0.00000000E+00  0.00000000E+00  6.88215721E-03  0.
    72 -2.80000001E-01  0.00000000E+00  0.00000000E+00  0.00000000E+00  6.40876791E-03  0.
    73 -2.70000011E-01  0.00000000E+00  0.00000000E+00  0.00000000E+00  5.95203204E-03  0.
    74 -2.59999990E-01  0.00000000E+00  0.00000000E+00  0.00000000E+00  5.51195591E-03  0.
    75 -2.50000000E-01  0.00000000E+00  0.00000000E+00  0.00000000E+00  5.08854736E-03  0.
    76 -2.39999995E-01  0.00000000E+00  0.00000000E+00  0.00000000E+00  4.68181284E-03  0.
    77 -2.30000004E-01  0.00000000E+00  0.00000000E+00  0.00000000E+00  4.29175916E-03  0.
    78 -2.19999999E-01  0.00000000E+00  0.00000000E+00  0.00000000E+00  3.91839920E-03  0.
    79 -2.09999993E-01  0.00000000E+00  0.00000000E+00  0.00000000E+00  3.56173569E-03  0.
    80 -2.00000003E-01  0.00000000E+00  0.00000000E+00  0.00000000E+00  3.22178017E-03  0.
    81 -1.89999998E-01  0.00000000E+00  0.00000000E+00  0.00000000E+00  2.89854157E-03  0.
    82 -1.80000007E-01  0.00000000E+00  0.00000000E+00  0.00000000E+00  2.59203251E-03  0.
    83 -1.70000002E-01  0.00000000E+00  0.00000000E+00  0.00000000E+00  2.30226413E-03  0.
    84 -1.59999996E-01  0.00000000E+00  0.00000000E+00  0.00000000E+00  2.02925147E-03  0.
    85 -1.50000006E-01  0.00000000E+00  0.00000000E+00  0.00000000E+00  1.77301116E-03  0.
    86 -1.40000001E-01  0.00000000E+00  0.00000000E+00  0.00000000E+00  1.53356186E-03  0.
    87 -1.29999995E-01  0.00000000E+00  0.00000000E+00  0.00000000E+00  1.31092706E-03  0.
    88 -1.19999997E-01  0.00000000E+00  0.00000000E+00  0.00000000E+00  1.10513499E-03  0.
    89 -1.09999999E-01  0.00000000E+00  0.00000000E+00  0.00000000E+00  9.16220388E-04  0.
    90 -1.00000001E-01  0.00000000E+00  0.00000000E+00  0.00000000E+00  7.44228074E-04  0.
    91 -9.00000036E-02  0.00000000E+00  0.00000000E+00  0.00000000E+00  5.89216626E-04  0.
    92 -7.99999982E-02  0.00000000E+00  0.00000000E+00  0.00000000E+00  4.51266316E-04  0.
    93 -7.00000003E-02  0.00000000E+00  0.00000000E+00  0.00000000E+00  3.30488646E-04  0.
    94 -5.99999987E-02  0.00000000E+00  0.00000000E+00  0.00000000E+00  2.27058244E-04  0.
    95 -5.00000007E-02  0.00000000E+00  0.00000000E+00  0.00000000E+00  1.41228905E-04  0.
    96 -3.99999991E-02  0.00000000E+00  0.00000000E+00  0.00000000E+00  7.35449887E-05  0.
    97 -2.99999993E-02  0.00000000E+00  0.00000000E+00  0.00000000E+00  2.48295072E-05  0.
    98 -1.99999996E-02  3.93558744E+01  6.64338990E-01  0.00000000E+00 -1.96779372E-07  1.
    99 -9.99999978E-03  1.42150793E+02  7.75090903E-02  0.00000000E+00 -7.10753963E-07  1.
   100  0.00000000E+00  1.73282264E+02 -3.77635423E-13  0.00000000E+00 -8.66411322E-07  1.
   101  9.99999978E-03  1.42150793E+02 -7.75090903E-02  0.00000000E+00 -7.10753963E-07  1.
   102  1.99999996E-02  3.93558744E+01 -6.64338990E-01  0.00000000E+00 -1.96779372E-07  1.
   103  2.99999993E-02  0.00000000E+00  0.00000000E+00  0.00000000E+00  2.48295072E-05  0.
   104  3.99999991E-02  0.00000000E+00  0.00000000E+00  0.00000000E+00  7.35449887E-05  0.
   105  5.00000007E-02  0.00000000E+00  0.00000000E+00  0.00000000E+00  1.41228905E-04  0.
   106  5.99999987E-02  0.00000000E+00  0.00000000E+00  0.00000000E+00  2.27058244E-04  0.
   107  7.00000003E-02  0.00000000E+00  0.00000000E+00  0.00000000E+00  3.30488646E-04  0.
   108  7.99999982E-02  0.00000000E+00  0.00000000E+00  0.00000000E+00  4.51266316E-04  0.
   109  9.00000036E-02  0.00000000E+00  0.00000000E+00  0.00000000E+00  5.89216626E-04  0.
   110  1.00000001E-01  0.00000000E+00  0.00000000E+00  0.00000000E+00  7.44228074E-04  0.
   111  1.09999999E-01  0.00000000E+00  0.00000000E+00  0.00000000E+00  9.16220388E-04  0.
   112  1.19999997E-01  0.00000000E+00  0.00000000E+00  0.00000000E+00  1.10513499E-03  0.
   113  1.29999995E-01  0.00000000E+00  0.00000000E+00  0.00000000E+00  1.31092706E-03  0.
   114  1.40000001E-01  0.00000000E+00  0.00000000E+00  0.00000000E+00  1.53356186E-03  0.
   115  1.50000006E-01  0.00000000E+00  0.00000000E+00  0.00000000E+00  1.77301116E-03  0.
   116  1.59999996E-01  0.00000000E+00  0.00000000E+00  0.00000000E+00  2.02925147E-03  0.
   117  1.70000002E-01  0.00000000E+00  0.00000000E+00  0.00000000E+00  2.30226413E-03  0.
   118  1.80000007E-01  0.00000000E+00  0.00000000E+00  0.00000000E+00  2.59203251E-03  0.
   119  1.89999998E-01  0.00000000E+00  0.00000000E+00  0.00000000E+00  2.89854157E-03  0.
   120  2.00000003E-01  0.00000000E+00  0.00000000E+00  0.00000000E+00  3.22178017E-03  0.
   121  2.09999993E-01  0.00000000E+00  0.00000000E+00  0.00000000E+00  3.56173569E-03  0.
   122  2.19999999E-01  0.00000000E+00  0.00000000E+00  0.00000000E+00  3.91839920E-03  0.
   123  2.30000004E-01  0.00000000E+00  0.00000000E+00  0.00000000E+00  4.29175916E-03  0.
   124  2.39999995E-01  0.00000000E+00  0.00000000E+00  0.00000000E+00  4.68181284E-03  0.
   125  2.50000000E-01  0.00000000E+00  0.00000000E+00  0.00000000E+00  5.08854736E-03  0.
   126  2.59999990E-01  0.00000000E+00  0.00000000E+00  0.00000000E+00  5.51195591E-03  0.
   127  2.70000011E-01  0.00000000E+00  0.00000000E+00  0.00000000E+00  5.95203204E-03  0.
   128  2.80000001E-01  0.00000000E+00  0.00000000E+00  0.00000000E+00  6.40876791E-03  0.
   129  2.89999992E-01  0.00000000E+00  0.00000000E+00  0.00000000E+00  6.88215721E-03  0.
   130  3.00000012E-01  0.00000000E+00  0.00000000E+00  0.00000000E+00  7.37219406E-03  0.
   131  3.10000002E-01  0.00000000E+00  0.00000000E+00  0.00000000E+00  7.87886916E-03  0.
   132  3.19999993E-01  0.00000000E+00  0.00000000E+00  0.00000000E+00  8.40217780E-03  0.
   133  3.30000013E-01  0.00000000E+00  0.00000000E+00  0.00000000E+00  8.94211544E-03  0.
   134  3.40000004E-01  0.00000000E+00  0.00000000E+00  0.00000000E+00  9.49867149E-03  0.
   135  3.49999994E-01  0.00000000E+00  0.00000000E+00  0.00000000E+00  1.00718414E-02  0.
   136  3.60000014E-01  0.00000000E+00  0.00000000E+00  0.00000000E+00  1.06616209E-02  0.
   137  3.70000005E-01  0.00000000E+00  0.00000000E+00  0.00000000E+00  1.12680000E-02  0.
   138  3.79999995E-01  0.00000000E+00  0.00000000E+00  0.00000000E+00  1.18909741E-02  0.
   139  3.89999986E-01  0.00000000E+00  0.00000000E+00  0.00000000E+00  1.25305383E-02  0.
   140  4.00000006E-01  0.00000000E+00  0.00000000E+00  0.00000000E+00  1.31866855E-02  0.
   141  4.09999996E-01  0.00000000E+00  0.00000000E+00  0.00000000E+00  1.38594078E-02  0.
   142  4.19999987E-01  0.00000000E+00  0.00000000E+00  0.00000000E+00  1.45486995E-02  0.
   143  4.30000007E-01  0.00000000E+00  0.00000000E+00  0.00000000E+00  1.52545559E-02  0.
   144  4.39999998E-01  0.00000000E+00  0.00000000E+00  0.00000000E+00  1.59769664E-02  0.
   145  4.49999988E-01  0.00000000E+00  0.00000000E+00  0.00000000E+00  1.67159277E-02  0.
   146  4.60000008E-01  0.00000000E+00  0.00000000E+00  0.00000000E+00  1.74714326E-02  0.
   147  4.69999999E-01  0.00000000E+00  0.00000000E+00  0.00000000E+00  1.82434724E-02  0.
   148  4.79999989E-01  0.00000000E+00  0.00000000E+00  0.00000000E+00  1.90320414E-02  0.
   149  4.90000010E-01  0.00000000E+00  0.00000000E+00  0.00000000E+00  1.98371332E-02  0.
   150  5.00000000E-01  0.00000000E+00  0.00000000E+00  0.00000000E+00  2.06587382E-02  0.
   151  5.09999990E-01  0.00000000E+00  0.00000000E+00  0.00000000E+00  2.14968499E-02  0.
   152  5.19999981E-01  0.00000000E+00  0.00000000E+00  0.00000000E+00  2.23514625E-02  0.
   153  5.29999971E-01  0.00000000E+00  0.00000000E+00  0.00000000E+00  2.32225664E-02  0.
   154  5.40000021E-01  0.00000000E+00  0.00000000E+00  0.00000000E+00  2.41101632E-02  0.
   155  5.50000012E-01  0.00000000E+00  0.00000000E+00  0.00000000E+00  2.50142294E-02  0.
   156  5.60000002E-01  0.00000000E+00  0.00000000E+00  0.00000000E+00  2.59347702E-02  0.
   157  5.69999993E-01  0.00000000E+00  0.00000000E+00  0.00000000E+00  2.68717680E-02  0.
   158  5.79999983E-01  0.00000000E+00  0.00000000E+00  0.00000000E+00  2.78252205E-02  0.
   159  5.89999974E-01  0.00000000E+00  0.00000000E+00  0.00000000E+00  2.87951223E-02  0.
   160  6.00000024E-01  0.00000000E+00  0.00000000E+00  0.00000000E+00  2.97814740E-02  0.
   161  6.10000014E-01  0.00000000E+00  0.00000000E+00  0.00000000E+00  3.07842160E-02  0.
   162  6.20000005E-01  0.00000000E+00  0.00000000E+00  0.00000000E+00  3.18034149E-02  0.
   163  6.29999995E-01  0.00000000E+00  0.00000000E+00  0.00000000E+00  3.28390192E-02  0.
   164  6.39999986E-01  0.00000000E+00  0.00000000E+00  0.00000000E+00  3.38910248E-02  0.
   165  6.49999976E-01  0.00000000E+00  0.00000000E+00  0.00000000E+00  3.49594227E-02  0.
   166  6.60000026E-01  0.00000000E+00  0.00000000E+00  0.00000000E+00  3.60442134E-02  0.
   167  6.70000017E-01  0.00000000E+00  0.00000000E+00  0.00000000E+00  3.71453755E-02  0.
   168  6.80000007E-01  0.00000000E+00  0.00000000E+00  0.00000000E+00  3.82629011E-02  0.
   169  6.89999998E-01  0.00000000E+00  0.00000000E+00  0.00000000E+00  3.93967852E-02  0.
   170  6.99999988E-01  0.00000000E+00  0.00000000E+00  0.00000000E+00  4.05470161E-02  0.
   171  7.09999979E-01  0.00000000E+00  0.00000000E+00  0.00000000E+00  4.17135860E-02  0.
   172  7.20000029E-01  0.00000000E+00  0.00000000E+00  0.00000000E+00  4.28964898E-02  0.
   173  7.30000019E-01  0.00000000E+00  0.00000000E+00  0.00000000E+00  4.40957051E-02  0.
   174  7.40000010E-01  0.00000000E+00  0.00000000E+00  0.00000000E+00  4.53112288E-02  0.
   175  7.50000000E-01  0.00000000E+00  0.00000000E+00  0.00000000E+00  4.65430594E-02  0.
   176  7.59999990E-01  0.00000000E+00  0.00000000E+00  0.00000000E+00  4.77911776E-02  0.
   177  7.69999981E-01  0.00000000E+00  0.00000000E+00  0.00000000E+00  4.90555767E-02  0.
   178  7.79999971E-01  0.00000000E+00  0.00000000E+00  0.00000000E+00  5.03362502E-02  0.
   179  7.90000021E-01  0.00000000E+00  0.00000000E+00  0.00000000E+00  5.16331894E-02  0.
   180  8.00000012E-01  0.00000000E+00  0.00000000E+00  0.00000000E+00  5.29463694E-02  0.
   181  8.10000002E-01  0.00000000E+00  0.00000000E+00  0.00000000E+00  5.42757824E-02  0.
   182  8.19999993E-01  0.00000000E+00  0.00000000E+00  0.00000000E+00  5.56214220E-02  0.
   183  8.29999983E-01  0.00000000E+00  0.00000000E+00  0.00000000E+00  5.69832722E-02  0.
   184  8.39999974E-01  0.00000000E+00  0.00000000E+00  0.00000000E+00  5.83613207E-02  0.
   185  8.50000024E-01  0.00000000E+00  0.00000000E+00  0.00000000E+00  5.97555560E-02  0.
   186  8.60000014E-01  0.00000000E+00  0.00000000E+00  0.00000000E+00  6.11660037E-02  0.
   187  8.70000005E-01  0.00000000E+00  0.00000000E+00  0.00000000E+00  6.25926105E-02  0.
   188  8.79999995E-01  0.00000000E+00  0.00000000E+00  0.00000000E+00  6.40353824E-02  0.
   189  8.89999986E-01  0.00000000E+00  0.00000000E+00  0.00000000E+00  6.54943005E-02  0.
   190  8.99999976E-01  0.00000000E+00  0.00000000E+00  0.00000000E+00  6.69693478E-02  0.
   191  9.10000026E-01  0.00000000E+00  0.00000000E+00  0.00000000E+00  6.84605253E-02  0.
   192  9.20000017E-01  0.00000000E+00  0.00000000E+00  0.00000000E+00  6.99678003E-02  0.
   193  9.30000007E-01  0.00000000E+00  0.00000000E+00  0.00000000E+00  7.14911793E-02  0.
   194  9.39999998E-01  0.00000000E+00  0.00000000E+00  0.00000000E+00  7.30306513E-02  0.
   195  9.49999988E-01  0.00000000E+00  0.00000000E+00  0.00000000E+00  7.45862097E-02  0.
   196  9.59999979E-01  0.00000000E+00  0.00000000E+00  0.00000000E+00  7.61578263E-02  0.
   197  9.70000029E-01  0.00000000E+00  0.00000000E+00  0.00000000E+00  7.77454963E-02  0.
   198  9.80000019E-01  0.00000000E+00  0.00000000E+00  0.00000000E+00  7.93491877E-02  0.
   199  9.90000010E-01  0.00000000E+00  0.00000000E+00  0.00000000E+00  8.09689014E-02  0.
STEP   2 TIME  2.00000000E+00
     1 -9.90000010E-01  0.00000000E+00  0.00000000E+00  0.00000000E+00  7.86853150E-02  0.
     2 -9.80000019E-01  0.00000000E+00  0.00000000E+00  0.00000000E+00  7.70714054E-02  0.
     3 -9.70000029E-01  0.00000000E+00  0.00000000E+00  0.00000000E+00  7.54735945E-02  0.
     4 -9.59999979E-01  0.00000000E+00  0.00000000E+00  0.00000000E+00  7.38918863E-02  0.
     5 -9.49999988E-01  0.00000000E+00  0.00000000E+00  0.00000000E+00  7.23263286E-02  0.
     6 -9.39999998E-01  0.00000000E+00  0.00000000E+00  0.00000000E+00  7.07769223E-02  0.
     7 -9.30000007E-01  0.00000000E+00  0.00000000E+00  0.00000000E+00  6.92436867E-02  0.
     8 -9.20000017E-01  0.00000000E+00  0.00000000E+00  0.00000000E+00  6.77266202E-02  0.
     9 -9.10000026E-01  0.00000000E+00  0.00000000E+00  0.00000000E+00  6.62257373E-02  0.
    10 -8.99999976E-01  0.00000000E+00  0.00000000E+00  0.00000000E+00  6.47410433E-02  0.
    11 -8.89999986E-01  0.00000000E+00  0.00000000E+00  0.00000000E+00  6.32725740E-02  0.
    12 -8.79999995E-01  0.00000000E+00  0.00000000E+00  0.00000000E+00  6.18203389E-02  0.
    13 -8.70000005E-01  0.00000000E+00  0.00000000E+00  0.00000000E+00  6.03843338E-02  0.
    14 -8.60000014E-01  0.00000000E+00  0.00000000E+00  0.00000000E+00  5.89646497E-02  0.
    15 -8.50000024E-01  0.00000000E+00  0.00000000E+00  0.00000000E+00  5.75611984E-02  0.
    16 -8.39999974E-01  0.00000000E+00  0.00000000E+00  0.00000000E+00  5.61740219E-02  0.
    17 -8.29999983E-01  0.00000000E+00  0.00000000E+00  0.00000000E+00  5.48031513E-02  0.
    18 -8.19999993E-01  0.00000000E+00  0.00000000E+00  0.00000000E+00  5.34485880E-02  0.
    19 -8.10000002E-01  0.00000000E+00  0.00000000E+00  0.00000000E+00  5.21103463E-02  0.
    20 -8.00000012E-01  0.00000000E+00  0.00000000E+00  0.00000000E+00  5.07884435E-02  0.
    21 -7.90000021E-01  0.00000000E+00  0.00000000E+00  0.00000000E+00  4.94828963E-02  0.
    22 -7.79999971E-01  0.00000000E+00  0.00000000E+00  0.00000000E+00  4.81937123E-02  0.
    23 -7.69999981E-01  0.00000000E+00  0.00000000E+00  0.00000000E+00  4.69209132E-02  0.
    24 -7.59999990E-01  0.00000000E+00  0.00000000E+00  0.00000000E+00  4.56645107E-02  0.
    25 -7.50000000E-01  0.00000000E+00  0.00000000E+00  0.00000000E+00  4.44245193E-02  0.
    26 -7.40000010E-01  0.00000000E+00  0.00000000E+00  0.00000000E+00  4.32009428E-02  0.
    27 -7.30000019E-01  0.00000000E+00  0.00000000E+00  0.00000000E+00  4.19937988E-02  0.
    28 -7.20000029E-01  0.00000000E+00  0.00000000E+00  0.00000000E+00  4.08031002E-02  0.
    29 -7.09999979E-01  0.00000000E+00  0.00000000E+00  0.00000000E+00  3.96288538E-02  0.
    30 -6.99999988E-01  0.00000000E+00  0.00000000E+00  0.00000000E+00  3.84710849E-02  0.
    31 -6.89999998E-01  0.00000000E+00  0.00000000E+00  0.00000000E+00  3.73298036E-02  0.
    32 -6.80000007E-01  0.00000000E+00  0.00000000E+00  0.00000000E+00  3.62050211E-02  0.
    33 -6.70000017E-01  0.00000000E+00  0.00000000E+00  0.00000000E+00  3.50967537E-02  0.
    34 -6.60000026E-01  0.00000000E+00  0.00000000E+00  0.00000000E+00  3.40050101E-02  0.
    35 -6.49999976E-01  0.00000000E+00  0.00000000E+00  0.00000000E+00  3.29298120E-02  0.
    36 -6.39999986E-01  0.00000000E+00  0.00000000E+00  0.00000000E+00  3.18711874E-02  0.
    37 -6.29999995E-01  0.00000000E+00  0.00000000E+00  0.00000000E+00  3.08291082E-02  0.
    38 -6.20000005E-01  0.00000000E+00  0.00000000E+00  0.00000000E+00  2.98036196E-02  0.
    39 -6.10000014E-01  0.00000000E+00  0.00000000E+00  0.00000000E+00  2.87947340E-02  0.
    40 -6.00000024E-01  0.00000000E+00  0.00000000E+00  0.00000000E+00  2.78024584E-02  0.
    41 -5.89999974E-01  0.00000000E+00  0.00000000E+00  0.00000000E+00  2.68268060E-02  0.
    42 -5.79999983E-01  0.00000000E+00  0.00000000E+00  0.00000000E+00  2.58678015E-02  0.
    43 -5.69999993E-01  0.00000000E+00  0.00000000E+00  0.00000000E+00  2.49254556E-02  0.
    44 -5.60000002E-01  0.00000000E+00  0.00000000E+00  0.00000000E+00  2.39997829E-02  0.
    45 -5.50000012E-01  0.00000000E+00  0.00000000E+00  0.00000000E+00  2.30907951E-02  0.
    46 -5.40000021E-01  0.00000000E+00  0.00000000E+00  0.00000000E+00  2.21985153E-02  0.
    47 -5.29999971E-01  0.00000000E+00  0.00000000E+00  0.00000000E+00  2.13229473E-02  0.
    48 -5.19999981E-01  0.00000000E+00  0.00000000E+00  0.00000000E+00  2.04641243E-02  0.
    49 -5.09999990E-01  0.00000000E+00  0.00000000E+00  0.00000000E+00  1.96220549E-02  0.
    50 -5.00000000E-01  0.00000000E+00  0.00000000E+00  0.00000000E+00  1.87967586E-02  0.
    51 -4.90000010E-01  0.00000000E+00  0.00000000E+00  0.00000000E+00  1.79882523E-02  0.
    52 -4.79999989E-01  0.00000000E+00  0.00000000E+00  0.00000000E+00  1.71965540E-02  0.
    53 -4.69999999E-01  0.00000000E+00  0.00000000E+00  0.00000000E+00  1.64216856E-02  0.
    54 -4.60000008E-01  0.00000000E+00  0.00000000E+00  0.00000000E+00  1.56636666E-02  0.
    55 -4.49999988E-01  0.00000000E+00  0.00000000E+00  0.00000000E+00  1.49225165E-02  0.
    56 -4.39999998E-01  0.00000000E+00  0.00000000E+00  0.00000000E+00  1.41982596E-02  0.
    57 -4.30000007E-01  0.00000000E+00  0.00000000E+00  0.00000000E+00  1.34909186E-02  0.
    58 -4.19999987E-01  0.00000000E+00  0.00000000E+00  0.00000000E+00  1.28005145E-02  0.
    59 -4.09999996E-01  0.00000000E+00  0.00000000E+00  0.00000000E+00  1.21270764E-02  0.
    60 -4.00000006E-01  0.00000000E+00  0.00000000E+00  0.00000000E+00  1.14706291E-02  0.
    61 -3.89999986E-01  0.00000000E+00  0.00000000E+00  0.00000000E+00  1.08312000E-02  0.
    62 -3.79999995E-01  0.00000000E+00  0.00000000E+00  0.00000000E+00  1.02088205E-02  0.
    63 -3.70000005E-01  0.00000000E+00  0.00000000E+00  0.00000000E+00  9.60352309E-03  0.
    64 -3.60000014E-01  0.00000000E+00  0.00000000E+00  0.00000000E+00  9.01534047E-03  0.
    65 -3.49999994E-01  0.00000000E+00  0.00000000E+00  0.00000000E+00  8.44430758E-03  0.
    66 -3.40000004E-01  0.00000000E+00  0.00000000E+00  0.00000000E+00  7.89046726E-03  0.
    67 -3.30000013E-01  0.00000000E+00  0.00000000E+00  0.00000000E+00  7.35386022E-03  0.
    68 -3.19999993E-01  0.00000000E+00  0.00000000E+00  0.00000000E+00  6.83453136E-03  0.
    69 -3.10000002E-01  0.00000000E+00  0.00000000E+00  0.00000000E+00  6.33253426E-03  0.
    70 -3.00000012E-01  0.00000000E+00  0.00000000E+00  0.00000000E+00  5.84792153E-03  0.
    71 -2.89999992E-01  0.00000000E+00  0.00000000E+00  0.00000000E+00  5.38075236E-03  0.
    72 -2.80000001E-01  0.00000000E+00  0.00000000E+00  0.00000000E+00  4.93110032E-03  0.
    73 -2.70000011E-01  0.00000000E+00  0.00000000E+00  0.00000000E+00  4.49903640E-03  0.
    74 -2.59999990E-01  0.00000000E+00  0.00000000E+00  0.00000000E+00  4.08464285E-03  0.
    75 -2.50000000E-01  0.00000000E+00  0.00000000E+00  0.00000000E+00  3.68801717E-03  0.
    76 -2.39999995E-01  0.00000000E+00  0.00000000E+00  0.00000000E+00  3.30926613E-03  0.
    77 -2.30000004E-01  0.00000000E+00  0.00000000E+00  0.00000000E+00  2.94851005E-03  0.
    78 -2.19999999E-01  0.00000000E+00  0.00000000E+00  0.00000000E+00  2.60588671E-03  0.
    79 -2.09999993E-01  0.00000000E+00  0.00000000E+00  0.00000000E+00  2.28157240E-03  0.
    80 -2.00000003E-01  0.00000000E+00  0.00000000E+00  0.00000000E+00  1.97574758E-03  0.
    81 -1.89999998E-01  0.00000000E+00  0.00000000E+00  0.00000000E+00  1.68864379E-03  0.
    82 -1.80000007E-01  0.00000000E+00  0.00000000E+00  0.00000000E+00  1.42053877E-03  0.
    83 -1.70000002E-01  0.00000000E+00  0.00000000E+00  0.00000000E+00  1.17177182E-03  0.
    84 -1.59999996E-01  0.00000000E+00  0.00000000E+00  0.00000000E+00  9.42766269E-04  0.
    85 -1.50000006E-01  0.00000000E+00  0.00000000E+00  0.00000000E+00  7.34075693E-04  0.
    86 -1.40000001E-01  0.00000000E+00  0.00000000E+00  0.00000000E+00  5.46400855E-04  0.
    87 -1.29999995E-01  0.00000000E+00  0.00000000E+00  0.00000000E+00  3.80805707E-04  0.
    88 -1.19999997E-01  0.00000000E+00  0.00000000E+00  0.00000000E+00  2.38565878E-04  0.
    89 -1.09999999E-01  0.00000000E+00  0.00000000E+00  0.00000000E+00  1.22627134E-04  0.
    90 -1.00000001E-01  0.00000000E+00  0.00000000E+00  0.00000000E+00  3.55822719E-05  0.
    91 -9.00000036E-02  1.53586612E+02  1.97394680E+00  0.00000000E+00 -7.67933059E-07  1.
    92 -7.99999982E-02  3.91862752E+02  3.10469048E+00  0.00000000E+00 -1.95931376E-06  1.
    93 -7.00000003E-02  5.33815864E+02  3.67442739E+00  0.00000000E+00 -2.66907932E-06  1.
    94 -5.99999987E-02  6.27206467E+02  6.56645037E-01  0.00000000E+00 -3.13603233E-06  1.
    95 -5.00000007E-02  6.97149228E+02  1.79890655E+00  0.00000000E+00 -3.48574614E-06  1.
    96 -3.99999991E-02  7.49276165E+02  1.53076916E+00  0.00000000E+00 -3.74638082E-06  1.
    97 -2.99999993E-02  7.87472903E+02  1.60717858E+00  0.00000000E+00 -3.93736452E-06  1.
    98 -1.99999996E-02  8.13648502E+02  1.11257453E+00  0.00000000E+00 -4.06824251E-06  1.
    99 -9.99999978E-03  8.28950438E+02  2.44945856E-01  0.00000000E+00 -4.14475219E-06  1.
   100  0.00000000E+00  8.33990750E+02  1.46382623E-12  0.00000000E+00 -4.16995375E-06  1.
   101  9.99999978E-03  8.28950438E+02 -2.44945856E-01  0.00000000E+00 -4.14475219E-06  1.
   102  1.99999996E-02  8.13648502E+02 -1.11257453E+00  0.00000000E+00 -4.06824251E-06  1.
   103  2.99999993E-02  7.87472903E+02 -1.60717858E+00  0.00000000E+00 -3.93736452E-06  1.
   104  3.99999991E-02  7.49276165E+02 -1.53076916E+00  0.00000000E+00 -3.74638082E-06  1.
   105  5.00000007E-02  6.97149228E+02 -1.79890655E+00  0.00000000E+00 -3.48574614E-06  1.
   106  5.99999987E-02  6.27206467E+02 -6.56645037E-01  0.00000000E+00 -3.13603233E-06  1.
   107  7.00000003E-02  5.33815864E+02 -3.67442739E+00  0.00000000E+00 -2.66907932E-06  1.
   108  7.99999982E-02  3.91862752E+02 -3.10469048E+00  0.00000000E+00 -1.95931376E-06  1.
   109  9.00000036E-02  1.53586612E+02 -1.97394680E+00  0.00000000E+00 -7.67933059E-07  1.
   110  1.00000001E-01  0.00000000E+00  0.00000000E+00  0.00000000E+00  3.55822719E-05  0.
   111  1.09999999E-01  0.00000000E+00  0.00000000E+00  0.00000000E+00  1.22627134E-04  0.
   112  1.19999997E-01  0.00000000E+00  0.00000000E+00  0.00000000E+00  2.38565878E-04  0.
   113  1.29999995E-01  0.00000000E+00  0.00000000E+00  0.00000000E+00  3.80805707E-04  0.
   114  1.40000001E-01  0.00000000E+00  0.00000000E+00  0.00000000E+00  5.46400855E-04  0.
   115  1.50000006E-01  0.00000000E+00  0.00000000E+00  0.00000000E+00  7.34075693E-04  0.
   116  1.59999996E-01  0.00000000E+00  0.00000000E+00  0.00000000E+00  9.42766269E-04  0.
   117  1.70000002E-01  0.00000000E+00  0.00000000E+00  0.00000000E+00  1.17177182E-03  0.
   118  1.80000007E-01  0.00000000E+00  0.00000000E+00  0.00000000E+00  1.42053877E-03  0.
   119  1.89999998E-01  0.00000000E+00  0.00000000E+00  0.00000000E+00  1.68864379E-03  0.
   120  2.00000003E-01  0.00000000E+00  0.00000000E+00  0.00000000E+00  1.97574758E-03  0.
   121  2.09999993E-01  0.00000000E+00  0.00000000E+00  0.00000000E+00  2.28157240E-03  0.
   122  2.19999999E-01  0.00000000E+00  0.00000000E+00  0.00000000E+00  2.60588671E-03  0.
   123  2.30000004E-01  0.00000000E+00  0.00000000E+00  0.00000000E+00  2.94851005E-03  0.
   124  2.39999995E-01  0.00000000E+00  0.00000000E+00  0.00000000E+00  3.30926613E-03  0.
   125  2.50000000E-01  0.00000000E+00  0.00000000E+00  0.00000000E+00  3.68801717E-03  0.
   126  2.59999990E-01  0.00000000E+00  0.00000000E+00  0.00000000E+00  4.08464285E-03  0.
   127  2.70000011E-01  0.00000000E+00  0.00000000E+00  0.00000000E+00  4.49903640E-03  0.
   128  2.80000001E-01  0.00000000E+00  0.00000000E+00  0.00000000E+00  4.93110032E-03  0.
   129  2.89999992E-01  0.00000000E+00  0.00000000E+00  0.00000000E+00  5.38075236E-03  0.
   130  3.00000012E-01  0.00000000E+00  0.00000000E+00  0.00000000E+00  5.84792153E-03  0.
   131  3.10000002E-01  0.00000000E+00  0.00000000E+00  0.00000000E+00  6.33253426E-03  0.
   132  3.19999993E-01  0.00000000E+00  0.00000000E+00  0.00000000E+00  6.83453136E-03  0.
   133  3.30000013E-01  0.00000000E+00  0.00000000E+00  0.00000000E+00  7.35386022E-03  0.
   134  3.40000004E-01  0.00000000E+00  0.00000000E+00  0.00000000E+00  7.89046726E-03  0.
   135  3.49999994E-01  0.00000000E+00  0.00000000E+00  0.00000000E+00  8.44430758E-03  0.
   136  3.60000014E-01  0.00000000E+00  0.00000000E+00  0.00000000E+00  9.01534047E-03  0.
   137  3.70000005E-01  0.00000000E+00  0.00000000E+00  0.00000000E+00  9.60352309E-03  0.
   138  3.79999995E-01  0.00000000E+00  0.00000000E+00  0.00000000E+00  1.02088205E-02  0.
   139  3.89999986E-01  0.00000000E+00  0.00000000E+00  0.00000000E+00  1.08312000E-02  0.
   140  4.00000006E-01  0.00000000E+00  0.00000000E+00  0.00000000E+00  1.14706291E-02  0.
   141  4.09999996E-01  0.00000000E+00  0.00000000E+00  0.00000000E+00  1.21270764E-02  0.
   142  4.19999987E-01  0.00000000E+00  0.00000000E+00  0.00000000E+00  1.28005145E-02  0.
   143  4.30000007E-01  0.00000000E+00  0.00000000E+00  0.00000000E+00  1.34909186E-02  0.
   144  4.39999998E-01  0.00000000E+00  0.00000000E+00  0.00000000E+00  1.41982596E-02  0.
   145  4.49999988E-01  0.00000000E+00  0.00000000E+00  0.00000000E+00  1.49225165E-02  0.
   146  4.60000008E-01  0.00000000E+00  0.00000000E+00  0.00000000E+00  1.56636666E-02  0.
   147  4.69999999E-01  0.00000000E+00  0.00000000E+00  0.00000000E+00  1.64216856E-02  0.
   148  4.79999989E-01  0.00000000E+00  0.00000000E+00  0.00000000E+00  1.71965540E-02  0.
   149  4.90000010E-01  0.00000000E+00  0.00000000E+00  0.00000000E+00  1.79882523E-02  0.
   150  5.00000000E-01  0.00000000E+00  0.00000000E+00  0.00000000E+00  1.87967586E-02  0.
   151  5.09999990E-01  0.00000000E+00  0.00000000E+00  0.00000000E+00  1.96220549E-02  0.
   152  5.19999981E-01  0.00000000E+00  0.00000000E+00  0.00000000E+00  2.04641243E-02  0.
   153  5.29999971E-01  0.00000000E+00  0.00000000E+00  0.00000000E+00  2.13229473E-02  0.
   154  5.40000021E-01  0.00000000E+00  0.00000000E+00  0.00000000E+00  2.21985153E-02  0.
   155  5.50000012E-01  0.00000000E+00  0.00000000E+00  0.00000000E+00  2.30907951E-02  0.
   156  5.60000002E-01  0.00000000E+00  0.00000000E+00  0.00000000E+00  2.39997829E-02  0.
   157  5.69999993E-01  0.00000000E+00  0.00000000E+00  0.00000000E+00  2.49254556E-02  0.
   158  5.79999983E-01  0.00000000E+00  0.00000000E+00  0.00000000E+00  2.58678015E-02  0.
   159  5.89999974E-01  0.00000000E+00  0.00000000E+00  0.00000000E+00  2.68268060E-02  0.
   160  6.00000024E-01  0.00000000E+00  0.00000000E+00  0.00000000E+00  2.78024584E-02  0.
   161  6.10000014E-01  0.00000000E+00  0.00000000E+00  0.00000000E+00  2.87947340E-02  0.
   162  6.20000005E-01  0.00000000E+00  0.00000000E+00  0.00000000E+00  2.98036196E-02  0.
   163  6.29999995E-01  0.00000000E+00  0.00000000E+00  0.00000000E+00  3.08291082E-02  0.
   164  6.39999986E-01  0.00000000E+00  0.00000000E+00  0.00000000E+00  3.18711920E-02  0.
   165  6.49999976E-01  0.00000000E+00  0.00000000E+00  0.00000000E+00  3.29298006E-02  0.
   166  6.60000026E-01  0.00000000E+00  0.00000000E+00  0.00000000E+00  3.40050101E-02  0.
   167  6.70000017E-01  0.00000000E+00  0.00000000E+00  0.00000000E+00  3.50967537E-02  0.
   168  6.80000007E-01  0.00000000E+00  0.00000000E+00  0.00000000E+00  3.62050211E-02  0.
   169  6.89999998E-01  0.00000000E+00  0.00000000E+00  0.00000000E+00  3.73298036E-02  0.
   170  6.99999988E-01  0.00000000E+00  0.00000000E+00  0.00000000E+00  3.84710849E-02  0.
   171  7.09999979E-01  0.00000000E+00  0.00000000E+00  0.00000000E+00  3.96288538E-02  0.
   172  7.20000029E-01  0.00000000E+00  0.00000000E+00  0.00000000E+00  4.08031002E-02  0.
   173  7.30000019E-01  0.00000000E+00  0.00000000E+00  0.00000000E+00  4.19937988E-02  0.
   174  7.40000010E-01  0.00000000E+00  0.00000000E+00  0.00000000E+00  4.32009428E-02  0.
   175  7.50000000E-01  0.00000000E+00  0.00000000E+00  0.00000000E+00  4.44245193E-02  0.
   176  7.59999990E-01  0.00000000E+00  0.00000000E+00  0.00000000E+00  4.56645107E-02  0.
   177  7.69999981E-01  0.00000000E+00  0.00000000E+00  0.00000000E+00  4.69209132E-02  0.
   178  7.79999971E-01  0.00000000E+00  0.00000000E+00  0.00000000E+00  4.81937123E-02  0.
   179  7.90000021E-01  0.00000000E+00  0.00000000E+00  0.00000000E+00  4.94828963E-02  0.
   180  8.00000012E-01  0.00000000E+00  0.00000000E+00  0.00000000E+00  5.07884435E-02  0.
   181  8.10000002E-01  0.00000000E+00  0.00000000E+00  0.00000000E+00  5.21103463E-02  0.
   182  8.19999993E-01  0.00000000E+00  0.00000000E+00  0.00000000E+00  5.34485880E-02  0.
   183  8.29999983E-01  0.00000000E+00  0.00000000E+00  0.00000000E+00  5.48031513E-02  0.
   184  8.39999974E-01  0.00000000E+00  0.00000000E+00  0.00000000E+00  5.61740219E-02  0.
   185  8.50000024E-01  0.00000000E+00  0.00000000E+00  0.00000000E+00  5.75611984E-02  0.
   186  8.60000014E-01  0.00000000E+00  0.00000000E+00  0.00000000E+00  5.89646497E-02  0.
   187  8.70000005E-01  0.00000000E+00  0.00000000E+00  0.00000000E+00  6.03843338E-02  0.
   188  8.79999995E-01  0.00000000E+00  0.00000000E+00  0.00000000E+00  6.18203389E-02  0.
   189  8.89999986E-01  0.00000000E+00  0.00000000E+00  0.00000000E+00  6.32725740E-02  0.
   190  8.99999976E-01  0.00000000E+00  0.00000000E+00  0.00000000E+00  6.47410433E-02  0.
   191  9.10000026E-01  0.00000000E+00  0.00000000E+00  0.00000000E+00  6.62257373E-02  0.
   192  9.20000017E-01  0.00000000E+00  0.00000000E+00  0.00000000E+00  6.77266202E-02  0.
   193  9.30000007E-01  0.00000000E+00  0.00000000E+00  0.00000000E+00  6.92436867E-02  0.
   194  9.39999998E-01  0.00000000E+00  0.00000000E+00  0.00000000E+00  7.07769223E-02  0.
   195  9.49999988E-01  0.00000000E+00  0.00000000E+00  0.00000000E+00  7.23263286E-02  0.
   196  9.59999979E-01  0.00000000E+00  0.00000000E+00  0.00000000E+00  7.38918863E-02  0.
   197  9.70000029E-01  0.00000000E+00  0.00000000E+00  0.00000000E+00  7.54735945E-02  0.
   198  9.80000019E-01  0.00000000E+00  0.00000000E+00  0.00000000E+00  7.70714054E-02  0.
   199  9.90000010E-01  0.00000000E+00  0.00000000E+00  0.00000000E+00  7.86853150E-02  0.
STEP   3 TIME  3.00000000E+00
     1 -9.90000010E-01  0.00000000E+00  0.00000000E+00  0.00000000E+00  7.88059506E-02  0.
     2 -9.80000019E-01  0.00000000E+00  0.00000000E+00  0.00000000E+00  7.71905233E-02  0.
     3 -9.70000029E-01  0.00000000E+00  0.00000000E+00  0.00000000E+00  7.55912112E-02  0.
     4 -9.59999979E-01  0.00000000E+00  0.00000000E+00  0.00000000E+00  7.40080126E-02  0.
     5 -9.49999988E-01  0.00000000E+00  0.00000000E+00  0.00000000E+00  7.24409501E-02  0.
     6 -9.39999998E-01  0.00000000E+00  0.00000000E+00  0.00000000E+00  7.08900337E-02  0.
     7 -9.30000007E-01  0.00000000E+00  0.00000000E+00  0.00000000E+00  6.93552753E-02  0.
     8 -9.20000017E-01  0.00000000E+00  0.00000000E+00  0.00000000E+00  6.78366949E-02  0.
     9 -9.10000026E-01  0.00000000E+00  0.00000000E+00  0.00000000E+00  6.63342880E-02  0.
    10 -8.99999976E-01  0.00000000E+00  0.00000000E+00  0.00000000E+00  6.48481580E-02  0.
    11 -8.89999986E-01  0.00000000E+00  0.00000000E+00  0.00000000E+00  6.33782098E-02  0.
    12 -8.79999995E-01  0.00000000E+00  0.00000000E+00  0.00000000E+00  6.19244862E-02  0.
    13 -8.70000005E-01  0.00000000E+00  0.00000000E+00  0.00000000E+00  6.04870078E-02  0.
    14 -8.60000014E-01  0.00000000E+00  0.00000000E+00  0.00000000E+00  5.90657842E-02  0.
    15 -8.50000024E-01  0.00000000E+00  0.00000000E+00  0.00000000E+00  5.76608319E-02  0.
    16 -8.39999974E-01  0.00000000E+00  0.00000000E+00  0.00000000E+00  5.62721617E-02  0.
    17 -8.29999983E-01  0.00000000E+00  0.00000000E+00  0.00000000E+00  5.48998081E-02  0.
    18 -8.19999993E-01  0.00000000E+00  0.00000000E+00  0.00000000E+00  5.35437649E-02  0.
    19 -8.10000002E-01  0.00000000E+00  0.00000000E+00  0.00000000E+00  5.22040568E-02  0.
    20 -8.00000012E-01  0.00000000E+00  0.00000000E+00  0.00000000E+00  5.08806925E-02  0.
    21 -7.90000021E-01  0.00000000E+00  0.00000000E+00  0.00000000E+00  4.95736798E-02  0.
    22 -7.79999971E-01  0.00000000E+00  0.00000000E+00  0.00000000E+00  4.82830291E-02  0.
    23 -7.69999981E-01  0.00000000E+00  0.00000000E+00  0.00000000E+00  4.70087633E-02  0.
    24 -7.59999990E-01  0.00000000E+00  0.00000000E+00  0.00000000E+00  4.57508917E-02  0.
    25 -7.50000000E-01  0.00000000E+00  0.00000000E+00  0.00000000E+00  4.45094332E-02  0.
    26 -7.40000010E-01  0.00000000E+00  0.00000000E+00  0.00000000E+00  4.32843894E-02  0.
    27 -7.30000019E-01  0.00000000E+00  0.00000000E+00  0.00000000E+00  4.20758073E-02  0.
    28 -7.20000029E-01  0.00000000E+00  0.00000000E+00  0.00000000E+00  4.08836717E-02  0.
    29 -7.09999979E-01  0.00000000E+00  0.00000000E+00  0.00000000E+00  3.97079689E-02  0.
    30 -6.99999988E-01  0.00000000E+00  0.00000000E+00  0.00000000E+00  3.85487591E-02  0.
    31 -6.89999998E-01  0.00000000E+00  0.00000000E+00  0.00000000E+00  3.74060398E-02  0.
    32 -6.80000007E-01  0.00000000E+00  0.00000000E+00  0.00000000E+00  3.62798293E-02  0.
    33 -6.70000017E-01  0.00000000E+00  0.00000000E+00  0.00000000E+00  3.51701371E-02  0.
    34 -6.60000026E-01  0.00000000E+00  0.00000000E+00  0.00000000E+00  3.40769730E-02  0.
    35 -6.49999976E-01  0.00000000E+00  0.00000000E+00  0.00000000E+00  3.30003492E-02  0.
    36 -6.39999986E-01  0.00000000E+00  0.00000000E+00  0.00000000E+00  3.19402916E-02  0.
    37 -6.29999995E-01  0.00000000E+00  0.00000000E+00  0.00000000E+00  3.08968061E-02  0.
    38 -6.20000005E-01  0.00000000E+00  0.00000000E+00  0.00000000E+00  2.98699075E-02  0.
    39 -6.10000014E-01  0.00000000E+00  0.00000000E+00  0.00000000E+00  2.88596123E-02  0.
    40 -6.00000024E-01  0.00000000E+00  0.00000000E+00  0.00000000E+00  2.78659331E-02  0.
    41 -5.89999974E-01  0.00000000E+00  0.00000000E+00  0.00000000E+00  2.68888806E-02  0.
    42 -5.79999983E-01  0.00000000E+00  0.00000000E+00  0.00000000E+00  2.59284794E-02  0.
    43 -5.69999993E-01  0.00000000E+00  0.00000000E+00  0.00000000E+00  2.49847410E-02  0.
    44 -5.60000002E-01  0.00000000E+00  0.00000000E+00  0.00000000E+00  2.40576805E-02  0.
    45 -5.50000012E-01  0.00000000E+00  0.00000000E+00  0.00000000E+00  2.31473121E-02  0.
    46 -5.40000021E-01  0.00000000E+00  0.00000000E+00  0.00000000E+00  2.22536546E-02  0.
    47 -5.29999971E-01  0.00000000E+00  0.00000000E+00  0.00000000E+00  2.13767168E-02  0.
    48 -5.19999981E-01  0.00000000E+00  0.00000000E+00  0.00000000E+00  2.05165280E-02  0.
    49 -5.09999990E-01  0.00000000E+00  0.00000000E+00  0.00000000E+00  1.96730992E-02  0.
    50 -5.00000000E-01  0.00000000E+00  0.00000000E+00  0.00000000E+00  1.88464490E-02  0.
    51 -4.90000010E-01  0.00000000E+00  0.00000000E+00  0.00000000E+00  1.80365950E-02  0.
    52 -4.79999989E-01  0.00000000E+00  0.00000000E+00  0.00000000E+00  1.72435545E-02  0.
    53 -4.69999999E-01  0.00000000E+00  0.00000000E+00  0.00000000E+00  1.64673512E-02  0.
    54 -4.60000008E-01  0.00000000E+00  0.00000000E+00  0.00000000E+00  1.57080035E-02  0.
    55 -4.49999988E-01  0.00000000E+00  0.00000000E+00  0.00000000E+00  1.49655306E-02  0.
    56 -4.39999998E-01  0.00000000E+00  0.00000000E+00  0.00000000E+00  1.42399583E-02  0.
    57 -4.30000007E-01  0.00000000E+00  0.00000000E+00  0.00000000E+00  1.35313082E-02  0.
    58 -4.19999987E-01  0.00000000E+00  0.00000000E+00  0.00000000E+00  1.28396021E-02  0.
    59 -4.09999996E-01  0.00000000E+00  0.00000000E+00  0.00000000E+00  1.21648694E-02  0.
    60 -4.00000006E-01  0.00000000E+00  0.00000000E+00  0.00000000E+00  1.15071350E-02  0.
    61 -3.89999986E-01  0.00000000E+00  0.00000000E+00  0.00000000E+00  1.08664257E-02  0.
    62 -3.79999995E-01  0.00000000E+00  0.00000000E+00  0.00000000E+00  1.02427745E-02  0.
    63 -3.70000005E-01  0.00000000E+00  0.00000000E+00  0.00000000E+00  9.63621268E-03  0.
    64 -3.60000014E-01  0.00000000E+00  0.00000000E+00  0.00000000E+00  9.04677382E-03  0.
    65 -3.49999994E-01  0.00000000E+00  0.00000000E+00  0.00000000E+00  8.47449308E-03  0.
    66 -3.40000004E-01  0.00000000E+00  0.00000000E+00  0.00000000E+00  7.91941343E-03  0.
    67 -3.30000013E-01  0.00000000E+00  0.00000000E+00  0.00000000E+00  7.38157581E-03  0.
    68 -3.19999993E-01  0.00000000E+00  0.00000000E+00  0.00000000E+00  6.86102526E-03  0.
    69 -3.10000002E-01  0.00000000E+00  0.00000000E+00  0.00000000E+00  6.35781553E-03  0.
    70 -3.00000012E-01  0.00000000E+00  0.00000000E+00  0.00000000E+00  5.87199990E-03  0.
    71 -2.89999992E-01  0.00000000E+00  0.00000000E+00  0.00000000E+00  5.40363846E-03  0.
    72 -2.80000001E-01  0.00000000E+00  0.00000000E+00  0.00000000E+00  4.95280139E-03  0.
    73 -2.70000011E-01  0.00000000E+00  0.00000000E+00  0.00000000E+00  4.51956218E-03  0.
    74 -2.59999990E-01  0.00000000E+00  0.00000000E+00  0.00000000E+00  4.10400359E-03  0.
    75 -2.50000000E-01  0.00000000E+00  0.00000000E+00  0.00000000E+00  3.70622202E-03  0.
    76 -2.39999995E-01  0.00000000E+00  0.00000000E+00  0.00000000E+00  3.32632381E-03  0.
    77 -2.30000004E-01  0.00000000E+00  0.00000000E+00  0.00000000E+00  2.96443155E-03  0.
    78 -2.19999999E-01  0.00000000E+00  0.00000000E+00  0.00000000E+00  2.62068548E-03  0.
    79 -2.09999993E-01  0.00000000E+00  0.00000000E+00  0.00000000E+00  2.29524843E-03  0.
    80 -2.00000003E-01  0.00000000E+00  0.00000000E+00  0.00000000E+00  1.98831899E-03  0.
    81 -1.89999998E-01  0.00000000E+00  0.00000000E+00  0.00000000E+00  1.70012312E-03  0.
    82 -1.80000007E-01  0.00000000E+00  0.00000000E+00  0.00000000E+00  1.43093949E-03  0.
    83 -1.70000002E-01  0.00000000E+00  0.00000000E+00  0.00000000E+00  1.18110623E-03  0.
    84 -1.59999996E-01  0.00000000E+00  0.00000000E+00  0.00000000E+00  9.51024231E-04  0.
    85 -1.50000006E-01  0.00000000E+00  0.00000000E+00  0.00000000E+00  7.41305031E-04  0.
    86 -1.40000001E-01  0.00000000E+00  0.00000000E+00  0.00000000E+00  5.52596559E-04  0.
    87 -1.29999995E-01  0.00000000E+00  0.00000000E+00  0.00000000E+00  3.85965004E-04  0.
    88 -1.19999997E-01  0.00000000E+00  0.00000000E+00  0.00000000E+00  2.42691052E-04  0.
    89 -1.09999999E-01  0.00000000E+00  0.00000000E+00  0.00000000E+00  1.25651208E-04  0.
    90 -1.00000001E-01  0.00000000E+00  0.00000000E+00  0.00000000E+00  3.75264657E-05  0.
    91 -9.00000036E-02  1.46835940E+02  8.81015640E+01  1.02547214E-04 -7.34179700E-07  2.
    92 -7.99999982E-02  3.88774560E+02  2.33264736E+02  4.87916790E-05 -1.94387280E-06  2.
    93 -7.00000003E-02  5.32128946E+02  3.19277368E+02  1.02219793E-05 -2.66064473E-06  2.
    94 -5.99999987E-02  6.25740558E+02  2.58325472E+02  0.00000000E+00 -3.12870279E-06  1.
    95 -5.00000007E-02  6.96067338E+02  1.99375020E+02  0.00000000E+00 -3.48033669E-06  1.
    96 -3.99999991E-02  7.48444156E+02  1.75160160E+02  0.00000000E+00 -3.74222078E-06  1.
    97 -2.99999993E-02  7.86867326E+02  1.61937935E+02  0.00000000E+00 -3.93433663E-06  1.
    98 -1.99999996E-02  8.13243767E+02  1.53739066E+02  0.00000000E+00 -4.06621883E-06  1.
    99 -9.99999978E-03  8.28731796E+02  1.48722700E+02  0.00000000E+00 -4.14365898E-06  1.
   100  0.00000000E+00  8.33950678E+02  1.47097035E+02  0.00000000E+00 -4.16975339E-06  1.
   101  9.99999978E-03  8.29087516E+02  1.47995948E+02  0.00000000E+00 -4.14543758E-06  1.
   102  1.99999996E-02  8.13967471E+02  1.50984903E+02  0.00000000E+00 -4.06983735E-06  1.
   103  2.99999993E-02  7.87984149E+02  1.57815426E+02  0.00000000E+00 -3.93992074E-06  1.
   104  3.99999991E-02  7.49999322E+02  1.70416966E+02  0.00000000E+00 -3.74999661E-06  1.
   105  5.00000007E-02  6.98097075E+02  1.92715268E+02  0.00000000E+00 -3.49048538E-06  1.
   106  5.99999987E-02  6.28426051E+02  2.46131704E+02  0.00000000E+00 -3.14213025E-06  1.
   107  7.00000003E-02  5.35178067E+02  3.21106840E+02  6.95566521E-06 -2.67589033E-06  2.
   108  7.99999982E-02  3.94628553E+02  2.36777132E+02  4.44350816E-05 -1.97314277E-06  2.
   109  9.00000036E-02  1.60173110E+02  9.61038657E+01  9.79767430E-05 -8.00865548E-07  2.
   110  1.00000001E-01  0.00000000E+00  0.00000000E+00  0.00000000E+00  3.36473027E-05  0.
   111  1.09999999E-01  0.00000000E+00  0.00000000E+00  0.00000000E+00  1.19604396E-04  0.
   112  1.19999997E-01  0.00000000E+00  0.00000000E+00  0.00000000E+00  2.34446477E-04  0.
   113  1.29999995E-01  0.00000000E+00  0.00000000E+00  0.00000000E+00  3.75654032E-04  0.
   114  1.40000001E-01  0.00000000E+00  0.00000000E+00  0.00000000E+00  5.40214512E-04  0.
   115  1.50000006E-01  0.00000000E+00  0.00000000E+00  0.00000000E+00  7.26857004E-04  0.
   116  1.59999996E-01  0.00000000E+00  0.00000000E+00  0.00000000E+00  9.34507690E-04  0.
   117  1.70000002E-01  0.00000000E+00  0.00000000E+00  0.00000000E+00  1.16246485E-03  0.
   118  1.80000007E-01  0.00000000E+00  0.00000000E+00  0.00000000E+00  1.41017283E-03  0.
   119  1.89999998E-01  0.00000000E+00  0.00000000E+00  0.00000000E+00  1.67720779E-03  0.
   120  2.00000003E-01  0.00000000E+00  0.00000000E+00  0.00000000E+00  1.96322983E-03  0.
   121  2.09999993E-01  0.00000000E+00  0.00000000E+00  0.00000000E+00  2.26796124E-03  0.
   122  2.19999999E-01  0.00000000E+00  0.00000000E+00  0.00000000E+00  2.59117368E-03  0.
   123  2.30000004E-01  0.00000000E+00  0.00000000E+00  0.00000000E+00  2.93267424E-03  0.
   124  2.39999995E-01  0.00000000E+00  0.00000000E+00  0.00000000E+00  3.29229869E-03  0.
   125  2.50000000E-01  0.00000000E+00  0.00000000E+00  0.00000000E+00  3.66990706E-03  0.
   126  2.59999990E-01  0.00000000E+00  0.00000000E+00  0.00000000E+00  4.06537751E-03  0.
   127  2.70000011E-01  0.00000000E+00  0.00000000E+00  0.00000000E+00  4.47860379E-03  0.
   128  2.80000001E-01  0.00000000E+00  0.00000000E+00  0.00000000E+00  4.90949025E-03  0.
   129  2.89999992E-01  0.00000000E+00  0.00000000E+00  0.00000000E+00  5.35795452E-03  0.
   130  3.00000012E-01  0.00000000E+00  0.00000000E+00  0.00000000E+00  5.82392377E-03  0.
   131  3.10000002E-01  0.00000000E+00  0.00000000E+00  0.00000000E+00  6.30732848E-03  0.
   132  3.19999993E-01  0.00000000E+00  0.00000000E+00  0.00000000E+00  6.80810831E-03  0.
   133  3.30000013E-01  0.00000000E+00  0.00000000E+00  0.00000000E+00  7.32621262E-03  0.
   134  3.40000004E-01  0.00000000E+00  0.00000000E+00  0.00000000E+00  7.86159411E-03  0.
   135  3.49999994E-01  0.00000000E+00  0.00000000E+00  0.00000000E+00  8.41415872E-03  0.
   136  3.60000014E-01  0.00000000E+00  0.00000000E+00  0.00000000E+00  8.98394141E-03  0.
   137  3.70000005E-01  0.00000000E+00  0.00000000E+00  0.00000000E+00  9.57086573E-03  0.
   138  3.79999995E-01  0.00000000E+00  0.00000000E+00  0.00000000E+00  1.01748969E-02  0.
   139  3.89999986E-01  0.00000000E+00  0.00000000E+00  0.00000000E+00  1.07960031E-02  0.
   140  4.00000006E-01  0.00000000E+00  0.00000000E+00  0.00000000E+00  1.14341509E-02  0.
   141  4.09999996E-01  0.00000000E+00  0.00000000E+00  0.00000000E+00  1.20893101E-02  0.
   142  4.19999987E-01  0.00000000E+00  0.00000000E+00  0.00000000E+00  1.27614530E-02  0.
   143  4.30000007E-01  0.00000000E+00  0.00000000E+00  0.00000000E+00  1.34505548E-02  0.
   144  4.39999998E-01  0.00000000E+00  0.00000000E+00  0.00000000E+00  1.41565867E-02  0.
   145  4.49999988E-01  0.00000000E+00  0.00000000E+00  0.00000000E+00  1.48795287E-02  0.
   146  4.60000008E-01  0.00000000E+00  0.00000000E+00  0.00000000E+00  1.56193567E-02  0.
   147  4.69999999E-01  0.00000000E+00  0.00000000E+00  0.00000000E+00  1.63760480E-02  0.
   148  4.79999989E-01  0.00000000E+00  0.00000000E+00  0.00000000E+00  1.71495829E-02  0.
   149  4.90000010E-01  0.00000000E+00  0.00000000E+00  0.00000000E+00  1.79399410E-02  0.
   150  5.00000000E-01  0.00000000E+00  0.00000000E+00  0.00000000E+00  1.87471019E-02  0.
   151  5.09999990E-01  0.00000000E+00  0.00000000E+00  0.00000000E+00  1.95710468E-02  0.
   152  5.19999981E-01  0.00000000E+00  0.00000000E+00  0.00000000E+00  2.04117445E-02  0.
   153  5.29999971E-01  0.00000000E+00  0.00000000E+00  0.00000000E+00  2.12692398E-02  0.
   154  5.40000021E-01  0.00000000E+00  0.00000000E+00  0.00000000E+00  2.21434496E-02  0.
   155  5.50000012E-01  0.00000000E+00  0.00000000E+00  0.00000000E+00  2.30343580E-02  0.
   156  5.60000002E-01  0.00000000E+00  0.00000000E+00  0.00000000E+00  2.39419714E-02  0.
   157  5.69999993E-01  0.00000000E+00  0.00000000E+00  0.00000000E+00  2.48662638E-02  0.
   158  5.79999983E-01  0.00000000E+00  0.00000000E+00  0.00000000E+00  2.58072252E-02  0.
   159  5.89999974E-01  0.00000000E+00  0.00000000E+00  0.00000000E+00  2.67648411E-02  0.
   160  6.00000024E-01  0.00000000E+00  0.00000000E+00  0.00000000E+00  2.77390974E-02  0.
   161  6.10000014E-01  0.00000000E+00  0.00000000E+00  0.00000000E+00  2.87299725E-02  0.
   162  6.20000005E-01  0.00000000E+00  0.00000000E+00  0.00000000E+00  2.97374539E-02  0.
   163  6.29999995E-01  0.00000000E+00  0.00000000E+00  0.00000000E+00  3.07615311E-02  0.
   164  6.39999986E-01  0.00000000E+00  0.00000000E+00  0.00000000E+00  3.18021861E-02  0.
   165  6.49999976E-01  0.00000000E+00  0.00000000E+00  0.00000000E+00  3.28594047E-02  0.
   166  6.60000026E-01  0.00000000E+00  0.00000000E+00  0.00000000E+00  3.39331817E-02  0.
   167  6.70000017E-01  0.00000000E+00  0.00000000E+00  0.00000000E+00  3.50234907E-02  0.
   168  6.80000007E-01  0.00000000E+00  0.00000000E+00  0.00000000E+00  3.61303208E-02  0.
   169  6.89999998E-01  0.00000000E+00  0.00000000E+00  0.00000000E+00  3.72536610E-02  0.
   170  6.99999988E-01  0.00000000E+00  0.00000000E+00  0.00000000E+00  3.83934964E-02  0.
   171  7.09999979E-01  0.00000000E+00  0.00000000E+00  0.00000000E+00  3.95498146E-02  0.
   172  7.20000029E-01  0.00000000E+00  0.00000000E+00  0.00000000E+00  4.07226127E-02  0.
   173  7.30000019E-01  0.00000000E+00  0.00000000E+00  0.00000000E+00  4.19118615E-02  0.
   174  7.40000010E-01  0.00000000E+00  0.00000000E+00  0.00000000E+00  4.31175548E-02  0.
   175  7.50000000E-01  0.00000000E+00  0.00000000E+00  0.00000000E+00  4.43396775E-02  0.
   176  7.59999990E-01  0.00000000E+00  0.00000000E+00  0.00000000E+00  4.55782210E-02  0.
   177  7.69999981E-01  0.00000000E+00  0.00000000E+00  0.00000000E+00  4.68331688E-02  0.
   178  7.79999971E-01  0.00000000E+00  0.00000000E+00  0.00000000E+00  4.81045036E-02  0.
   179  7.90000021E-01  0.00000000E+00  0.00000000E+00  0.00000000E+00  4.93922183E-02  0.
   180  8.00000012E-01  0.00000000E+00  0.00000000E+00  0.00000000E+00  5.06962900E-02  0.
   181  8.10000002E-01  0.00000000E+00  0.00000000E+00  0.00000000E+00  5.20167062E-02  0.
   182  8.19999993E-01  0.00000000E+00  0.00000000E+00  0.00000000E+00  5.33534597E-02  0.
   183  8.29999983E-01  0.00000000E+00  0.00000000E+00  0.00000000E+00  5.47065625E-02  0.
   184  8.39999974E-01  0.00000000E+00  0.00000000E+00  0.00000000E+00  5.60759586E-02  0.
   185  8.50000024E-01  0.00000000E+00  0.00000000E+00  0.00000000E+00  5.74616439E-02  0.
   186  8.60000014E-01  0.00000000E+00  0.00000000E+00  0.00000000E+00  5.88636205E-02  0.
   187  8.70000005E-01  0.00000000E+00  0.00000000E+00  0.00000000E+00  6.02818662E-02  0.
   188  8.79999995E-01  0.00000000E+00  0.00000000E+00  0.00000000E+00  6.17163618E-02  0.
   189  8.89999986E-01  0.00000000E+00  0.00000000E+00  0.00000000E+00  6.31670974E-02  0.
   190  8.99999976E-01  0.00000000E+00  0.00000000E+00  0.00000000E+00  6.46340554E-02  0.
   191  9.10000026E-01  0.00000000E+00  0.00000000E+00  0.00000000E+00  6.61172332E-02  0.
   192  9.20000017E-01  0.00000000E+00  0.00000000E+00  0.00000000E+00  6.76166101E-02  0.
   193  9.30000007E-01  0.00000000E+00  0.00000000E+00  0.00000000E+00  6.91321757E-02  0.
   194  9.39999998E-01  0.00000000E+00  0.00000000E+00  0.00000000E+00  7.06639264E-02  0.
   195  9.49999988E-01  0.00000000E+00  0.00000000E+00  0.00000000E+00  7.22118306E-02  0.
   196  9.59999979E-01  0.00000000E+00  0.00000000E+00  0.00000000E+00  7.37758738E-02  0.
   197  9.70000029E-01  0.00000000E+00  0.00000000E+00  0.00000000E+00  7.53560510E-02  0.
   198  9.80000019E-01  0.00000000E+00  0.00000000E+00  0.00000000E+00  7.69523297E-02  0.
   199  9.90000010E-01  0.00000000E+00  0.00000000E+00  0.00000000E+00  7.85647263E-02  0.
STEP   4 TIME  4.00000000E+00
     1 -9.90000010E-01  0.00000000E+00  0.00000000E+00  0.00000000E+00  7.86883766E-02  0.
     2 -9.80000019E-01  0.00000000E+00  0.00000000E+00  0.00000000E+00  7.70744362E-02  0.
     3 -9.70000029E-01  0.00000000E+00  0.00000000E+00  0.00000000E+00  7.54765943E-02  0.
     4 -9.59999979E-01  0.00000000E+00  0.00000000E+00  0.00000000E+00  7.38948633E-02  0.
     5 -9.49999988E-01  0.00000000E+00  0.00000000E+00  0.00000000E+00  7.23292794E-02  0.
     6 -9.39999998E-01  0.00000000E+00  0.00000000E+00  0.00000000E+00  7.07798571E-02  0.
     7 -9.30000007E-01  0.00000000E+00  0.00000000E+00  0.00000000E+00  6.92465904E-02  0.
     8 -9.20000017E-01  0.00000000E+00  0.00000000E+00  0.00000000E+00  6.77294926E-02  0.
     9 -9.10000026E-01  0.00000000E+00  0.00000000E+00  0.00000000E+00  6.62285785E-02  0.
    10 -8.99999976E-01  0.00000000E+00  0.00000000E+00  0.00000000E+00  6.47438531E-02  0.
    11 -8.89999986E-01  0.00000000E+00  0.00000000E+00  0.00000000E+00  6.32753606E-02  0.
    12 -8.79999995E-01  0.00000000E+00  0.00000000E+00  0.00000000E+00  6.18231156E-02  0.
    13 -8.70000005E-01  0.00000000E+00  0.00000000E+00  0.00000000E+00  6.03870618E-02  0.
    14 -8.60000014E-01  0.00000000E+00  0.00000000E+00  0.00000000E+00  5.89673113E-02  0.
    15 -8.50000024E-01  0.00000000E+00  0.00000000E+00  0.00000000E+00  5.75638292E-02  0.
    16 -8.39999974E-01  0.00000000E+00  0.00000000E+00  0.00000000E+00  5.61766217E-02  0.
    17 -8.29999983E-01  0.00000000E+00  0.00000000E+00  0.00000000E+00  5.48057197E-02  0.
    18 -8.19999993E-01  0.00000000E+00  0.00000000E+00  0.00000000E+00  5.34511252E-02  0.
    19 -8.10000002E-01  0.00000000E+00  0.00000000E+00  0.00000000E+00  5.21128529E-02  0.
    20 -8.00000012E-01  0.00000000E+00  0.00000000E+00  0.00000000E+00  5.07909255E-02  0.
    21 -7.90000021E-01  0.00000000E+00  0.00000000E+00  0.00000000E+00  4.94853529E-02  0.
    22 -7.79999971E-01  0.00000000E+00  0.00000000E+00  0.00000000E+00  4.81961386E-02  0.
    23 -7.69999981E-01  0.00000000E+00  0.00000000E+00  0.00000000E+00  4.69233153E-02  0.
    24 -7.59999990E-01  0.00000000E+00  0.00000000E+00  0.00000000E+00  4.56668860E-02  0.
    25 -7.50000000E-01  0.00000000E+00  0.00000000E+00  0.00000000E+00  4.44268637E-02  0.
    26 -7.40000010E-01  0.00000000E+00  0.00000000E+00  0.00000000E+00  4.32032556E-02  0.
    27 -7.30000019E-01  0.00000000E+00  0.00000000E+00  0.00000000E+00  4.19960802E-02  0.
    28 -7.20000029E-01  0.00000000E+00  0.00000000E+00  0.00000000E+00  4.08053504E-02  0.
    29 -7.09999979E-01  0.00000000E+00  0.00000000E+00  0.00000000E+00  3.96310727E-02  0.
    30 -6.99999988E-01  0.00000000E+00  0.00000000E+00  0.00000000E+00  3.84732724E-02  0.
    31 -6.89999998E-01  0.00000000E+00  0.00000000E+00  0.00000000E+00  3.73319597E-02  0.
    32 -6.80000007E-01  0.00000000E+00  0.00000000E+00  0.00000000E+00  3.62071459E-02  0.
    33 -6.70000017E-01  0.00000000E+00  0.00000000E+00  0.00000000E+00  3.50988472E-02  0.
    34 -6.60000026E-01  0.00000000E+00  0.00000000E+00  0.00000000E+00  3.40070342E-02  0.
    35 -6.49999976E-01  0.00000000E+00  0.00000000E+00  0.00000000E+00  3.29318179E-02  0.
    36 -6.39999986E-01  0.00000000E+00  0.00000000E+00  0.00000000E+00  3.18731491E-02  0.
    37 -6.29999995E-01  0.00000000E+00  0.00000000E+00  0.00000000E+00  3.08310501E-02  0.
    38 -6.20000005E-01  0.00000000E+00  0.00000000E+00  0.00000000E+00  2.98055320E-02  0.
    39 -6.10000014E-01  0.00000000E+00  0.00000000E+00  0.00000000E+00  2.87966162E-02  0.
    40 -6.00000024E-01  0.00000000E+00  0.00000000E+00  0.00000000E+00  2.78043125E-02  0.
    41 -5.89999974E-01  0.00000000E+00  0.00000000E+00  0.00000000E+00  2.68286318E-02  0.
    42 -5.79999983E-01  0.00000000E+00  0.00000000E+00  0.00000000E+00  2.58695961E-02  0.
    43 -5.69999993E-01  0.00000000E+00  0.00000000E+00  0.00000000E+00  2.49272190E-02  0.
    44 -5.60000002E-01  0.00000000E+00  0.00000000E+00  0.00000000E+00  2.40015149E-02  0.
    45 -5.50000012E-01  0.00000000E+00  0.00000000E+00  0.00000000E+00  2.30924960E-02  0.
    46 -5.40000021E-01  0.00000000E+00  0.00000000E+00  0.00000000E+00  2.22001848E-02  0.
    47 -5.29999971E-01  0.00000000E+00  0.00000000E+00  0.00000000E+00  2.13245856E-02  0.
    48 -5.19999981E-01  0.00000000E+00  0.00000000E+00  0.00000000E+00  2.04657313E-02  0.
    49 -5.09999990E-01  0.00000000E+00  0.00000000E+00  0.00000000E+00  1.96236306E-02  0.
    50 -5.00000000E-01  0.00000000E+00  0.00000000E+00  0.00000000E+00  1.87983030E-02  0.
    51 -4.90000010E-01  0.00000000E+00  0.00000000E+00  0.00000000E+00  1.79897653E-02  0.
    52 -4.79999989E-01  0.00000000E+00  0.00000000E+00  0.00000000E+00  1.71980355E-02  0.
    53 -4.69999999E-01  0.00000000E+00  0.00000000E+00  0.00000000E+00  1.64231358E-02  0.
    54 -4.60000008E-01  0.00000000E+00  0.00000000E+00  0.00000000E+00  1.56650854E-02  0.
    55 -4.49999988E-01  0.00000000E+00  0.00000000E+00  0.00000000E+00  1.49239038E-02  0.
    56 -4.39999998E-01  0.00000000E+00  0.00000000E+00  0.00000000E+00  1.41996155E-02  0.
    57 -4.30000007E-01  0.00000000E+00  0.00000000E+00  0.00000000E+00  1.34922430E-02  0.
    58 -4.19999987E-01  0.00000000E+00  0.00000000E+00  0.00000000E+00  1.28018074E-02  0.
    59 -4.09999996E-01  0.00000000E+00  0.00000000E+00  0.00000000E+00  1.21283378E-02  0.
    60 -4.00000006E-01  0.00000000E+00  0.00000000E+00  0.00000000E+00  1.14718590E-02  0.
    61 -3.89999986E-01  0.00000000E+00  0.00000000E+00  0.00000000E+00  1.08323982E-02  0.
    62 -3.79999995E-01  0.00000000E+00  0.00000000E+00  0.00000000E+00  1.02099872E-02  0.
    63 -3.70000005E-01  0.00000000E+00  0.00000000E+00  0.00000000E+00  9.60465814E-03  0.
    64 -3.60000014E-01  0.00000000E+00  0.00000000E+00  0.00000000E+00  9.01644383E-03  0.
    65 -3.49999994E-01  0.00000000E+00  0.00000000E+00  0.00000000E+00  8.44537922E-03  0.
    66 -3.40000004E-01  0.00000000E+00  0.00000000E+00  0.00000000E+00  7.89150714E-03  0.
    67 -3.30000013E-01  0.00000000E+00  0.00000000E+00  0.00000000E+00  7.35486830E-03  0.
    68 -3.19999993E-01  0.00000000E+00  0.00000000E+00  0.00000000E+00  6.83550759E-03  0.
    69 -3.10000002E-01  0.00000000E+00  0.00000000E+00  0.00000000E+00  6.33347855E-03  0.
    70 -3.00000012E-01  0.00000000E+00  0.00000000E+00  0.00000000E+00  5.84883387E-03  0.
    71 -2.89999992E-01  0.00000000E+00  0.00000000E+00  0.00000000E+00  5.38163378E-03  0.
    72 -2.80000001E-01  0.00000000E+00  0.00000000E+00  0.00000000E+00  4.93194814E-03  0.
    73 -2.70000011E-01  0.00000000E+00  0.00000000E+00  0.00000000E+00  4.49984871E-03  0.
    74 -2.59999990E-01  0.00000000E+00  0.00000000E+00  0.00000000E+00  4.08542277E-03  0.
    75 -2.50000000E-01  0.00000000E+00  0.00000000E+00  0.00000000E+00  3.68876309E-03  0.
    76 -2.39999995E-01  0.00000000E+00  0.00000000E+00  0.00000000E+00  3.30997677E-03  0.
    77 -2.30000004E-01  0.00000000E+00  0.00000000E+00  0.00000000E+00  2.94918702E-03  0.
    78 -2.19999999E-01  0.00000000E+00  0.00000000E+00  0.00000000E+00  2.60653329E-03  0.
    79 -2.09999993E-01  0.00000000E+00  0.00000000E+00  0.00000000E+00  2.28220454E-03  0.
    80 -2.00000003E-01  0.00000000E+00  0.00000000E+00  0.00000000E+00  1.97633772E-03  0.
    81 -1.89999998E-01  0.00000000E+00  0.00000000E+00  0.00000000E+00  1.68919975E-03  0.
    82 -1.80000007E-01  0.00000000E+00  0.00000000E+00  0.00000000E+00  1.42106015E-03  0.
    83 -1.70000002E-01  0.00000000E+00  0.00000000E+00  0.00000000E+00  1.17225805E-03  0.
    84 -1.59999996E-01  0.00000000E+00  0.00000000E+00  0.00000000E+00  9.43216729E-04  0.
    85 -1.50000006E-01  0.00000000E+00  0.00000000E+00  0.00000000E+00  7.34489336E-04  0.
    86 -1.40000001E-01  0.00000000E+00  0.00000000E+00  0.00000000E+00  5.46776726E-04  0.
    87 -1.29999995E-01  0.00000000E+00  0.00000000E+00  0.00000000E+00  3.81140937E-04  0.
    88 -1.19999997E-01  0.00000000E+00  0.00000000E+00  0.00000000E+00  2.38860326E-04  0.
    89 -1.09999999E-01  0.00000000E+00  0.00000000E+00  0.00000000E+00  1.22864817E-04  0.
    90 -1.00000001E-01  0.00000000E+00  0.00000000E+00  0.00000000E+00  3.57829411E-05  0.
    91 -9.00000036E-02  1.52715100E+02 -9.16290601E+01  1.59192720E-04 -7.63575501E-07  2.
    92 -7.99999982E-02  3.92002884E+02 -1.69083578E+02  4.87916790E-05 -1.96001442E-06  1.
    93 -7.00000003E-02  5.34151180E+02  8.66369539E+01  1.02219793E-05 -2.67075590E-06  1.
    94 -5.99999987E-02  6.27430186E+02  6.96527945E+01  0.00000000E+00 -3.13715093E-06  1.
    95 -5.00000007E-02  6.97199524E+02  3.48041074E+01  0.00000000E+00 -3.48599762E-06  1.
    96 -3.99999991E-02  7.49298020E+02  2.38141347E+01  0.00000000E+00 -3.74649010E-06  1.
    97 -2.99999993E-02  7.87487579E+02  1.91817019E+01  0.00000000E+00 -3.93743789E-06  1.
    98 -1.99999996E-02  8.13658352E+02  1.61910704E+01  0.00000000E+00 -4.06829176E-06  1.
    99 -9.99999978E-03  8.28957482E+02  1.40762576E+01  0.00000000E+00 -4.14478741E-06  1.
   100  0.00000000E+00  8.33995400E+02  1.33725747E+01  0.00000000E+00 -4.16997700E-06  1.
   101  9.99999978E-03  8.28952823E+02  1.33730142E+01  0.00000000E+00 -4.14476412E-06  1.
   102  1.99999996E-02  8.13648241E+02  1.34876829E+01  0.00000000E+00 -4.06824121E-06  1.
   103  2.99999993E-02  7.87469007E+02  1.51414651E+01  0.00000000E+00 -3.93734504E-06  1.
   104  3.99999991E-02  7.49263718E+02  1.92060442E+01  0.00000000E+00 -3.74631859E-06  1.
   105  5.00000007E-02  6.97119988E+02  2.83335966E+01  0.00000000E+00 -3.48559994E-06  1.
   106  5.99999987E-02  6.27026740E+02  5.78417560E+01  0.00000000E+00 -3.13513370E-06  1.
   107  7.00000003E-02  5.33480758E+02  8.97262373E+01  6.95566521E-06 -2.66740379E-06  1.
   108  7.99999982E-02  3.91645979E+02 -1.60505187E+02  4.44350816E-05 -1.95822990E-06  1.
   109  9.00000036E-02  1.54387099E+02 -9.26322596E+01  1.52759829E-04 -7.71935497E-07  2.
   110  1.00000001E-01  0.00000000E+00  0.00000000E+00  0.00000000E+00  3.53857099E-05  0.
   111  1.09999999E-01  0.00000000E+00  0.00000000E+00  0.00000000E+00  1.22393390E-04  0.
   112  1.19999997E-01  0.00000000E+00  0.00000000E+00  0.00000000E+00  2.38276511E-04  0.
   113  1.29999995E-01  0.00000000E+00  0.00000000E+00  0.00000000E+00  3.80476033E-04  0.
   114  1.40000001E-01  0.00000000E+00  0.00000000E+00  0.00000000E+00  5.46030758E-04  0.
   115  1.50000006E-01  0.00000000E+00  0.00000000E+00  0.00000000E+00  7.33668009E-04  0.
   116  1.59999996E-01  0.00000000E+00  0.00000000E+00  0.00000000E+00  9.42321883E-04  0.
   117  1.70000002E-01  0.00000000E+00  0.00000000E+00  0.00000000E+00  1.17129175E-03  0.
   118  1.80000007E-01  0.00000000E+00  0.00000000E+00  0.00000000E+00  1.42002363E-03  0.
   119  1.89999998E-01  0.00000000E+00  0.00000000E+00  0.00000000E+00  1.68809413E-03  0.
   120  2.00000003E-01  0.00000000E+00  0.00000000E+00  0.00000000E+00  1.97516378E-03  0.
   121  2.09999993E-01  0.00000000E+00  0.00000000E+00  0.00000000E+00  2.28095482E-03  0.
   122  2.19999999E-01  0.00000000E+00  0.00000000E+00  0.00000000E+00  2.60523888E-03  0.
   123  2.30000004E-01  0.00000000E+00  0.00000000E+00  0.00000000E+00  2.94781153E-03  0.
   124  2.39999995E-01  0.00000000E+00  0.00000000E+00  0.00000000E+00  3.30855749E-03  0.
   125  2.50000000E-01  0.00000000E+00  0.00000000E+00  0.00000000E+00  3.68727566E-03  0.
   126  2.59999990E-01  0.00000000E+00  0.00000000E+00  0.00000000E+00  4.08386691E-03  0.
   127  2.70000011E-01  0.00000000E+00  0.00000000E+00  0.00000000E+00  4.49822590E-03  0.
   128  2.80000001E-01  0.00000000E+00  0.00000000E+00  0.00000000E+00  4.93025707E-03  0.
   129  2.89999992E-01  0.00000000E+00  0.00000000E+00  0.00000000E+00  5.37987639E-03  0.
   130  3.00000012E-01  0.00000000E+00  0.00000000E+00  0.00000000E+00  5.84701041E-03  0.
   131  3.10000002E-01  0.00000000E+00  0.00000000E+00  0.00000000E+00  6.33159112E-03  0.
   132  3.19999993E-01  0.00000000E+00  0.00000000E+00  0.00000000E+00  6.83355646E-03  0.
   133  3.30000013E-01  0.00000000E+00  0.00000000E+00  0.00000000E+00  7.35285322E-03  0.
   134  3.40000004E-01  0.00000000E+00  0.00000000E+00  0.00000000E+00  7.88942821E-03  0.
   135  3.49999994E-01  0.00000000E+00  0.00000000E+00  0.00000000E+00  8.44323653E-03  0.
   136  3.60000014E-01  0.00000000E+00  0.00000000E+00  0.00000000E+00  9.01423746E-03  0.
   137  3.70000005E-01  0.00000000E+00  0.00000000E+00  0.00000000E+00  9.60238815E-03  0.
   138  3.79999995E-01  0.00000000E+00  0.00000000E+00  0.00000000E+00  1.02076537E-02  0.
   139  3.89999986E-01  0.00000000E+00  0.00000000E+00  0.00000000E+00  1.08300013E-02  0.
   140  4.00000006E-01  0.00000000E+00  0.00000000E+00  0.00000000E+00  1.14693986E-02  0.
   141  4.09999996E-01  0.00000000E+00  0.00000000E+00  0.00000000E+00  1.21258141E-02  0.
   142  4.19999987E-01  0.00000000E+00  0.00000000E+00  0.00000000E+00  1.27992205E-02  0.
   143  4.30000007E-01  0.00000000E+00  0.00000000E+00  0.00000000E+00  1.34895928E-02  0.
   144  4.39999998E-01  0.00000000E+00  0.00000000E+00  0.00000000E+00  1.41969021E-02  0.
   145  4.49999988E-01  0.00000000E+00  0.00000000E+00  0.00000000E+00  1.49211273E-02  0.
   146  4.60000008E-01  0.00000000E+00  0.00000000E+00  0.00000000E+00  1.56622457E-02  0.
   147  4.69999999E-01  0.00000000E+00  0.00000000E+00  0.00000000E+00  1.64202331E-02  0.
   148  4.79999989E-01  0.00000000E+00  0.00000000E+00  0.00000000E+00  1.71950698E-02  0.
   149  4.90000010E-01  0.00000000E+00  0.00000000E+00  0.00000000E+00  1.79867366E-02  0.
   150  5.00000000E-01  0.00000000E+00  0.00000000E+00  0.00000000E+00  1.87952113E-02  0.
   151  5.09999990E-01  0.00000000E+00  0.00000000E+00  0.00000000E+00  1.96204760E-02  0.
   152  5.19999981E-01  0.00000000E+00  0.00000000E+00  0.00000000E+00  2.04625138E-02  0.
   153  5.29999971E-01  0.00000000E+00  0.00000000E+00  0.00000000E+00  2.13213053E-02  0.
   154  5.40000021E-01  0.00000000E+00  0.00000000E+00  0.00000000E+00  2.21968418E-02  0.
   155  5.50000012E-01  0.00000000E+00  0.00000000E+00  0.00000000E+00  2.30890899E-02  0.
   156  5.60000002E-01  0.00000000E+00  0.00000000E+00  0.00000000E+00  2.39980463E-02  0.
   157  5.69999993E-01  0.00000000E+00  0.00000000E+00  0.00000000E+00  2.49236874E-02  0.
   158  5.79999983E-01  0.00000000E+00  0.00000000E+00  0.00000000E+00  2.58660018E-02  0.
   159  5.89999974E-01  0.00000000E+00  0.00000000E+00  0.00000000E+00  2.68249777E-02  0.
   160  6.00000024E-01  0.00000000E+00  0.00000000E+00  0.00000000E+00  2.78005985E-02  0.
   161  6.10000014E-01  0.00000000E+00  0.00000000E+00  0.00000000E+00  2.87928423E-02  0.
   162  6.20000005E-01  0.00000000E+00  0.00000000E+00  0.00000000E+00  2.98016982E-02  0.
   163  6.29999995E-01  0.00000000E+00  0.00000000E+00  0.00000000E+00  3.08271773E-02  0.
   164  6.39999986E-01  0.00000000E+00  0.00000000E+00  0.00000000E+00  3.18691615E-02  0.
   165  6.49999976E-01  0.00000000E+00  0.00000000E+00  0.00000000E+00  3.29277833E-02  0.
   166  6.60000026E-01  0.00000000E+00  0.00000000E+00  0.00000000E+00  3.40029583E-02  0.
   167  6.70000017E-01  0.00000000E+00  0.00000000E+00  0.00000000E+00  3.50946706E-02  0.
   168  6.80000007E-01  0.00000000E+00  0.00000000E+00  0.00000000E+00  3.62029068E-02  0.
   169  6.89999998E-01  0.00000000E+00  0.00000000E+00  0.00000000E+00  3.73276580E-02  0.
   170  6.99999988E-01  0.00000000E+00  0.00000000E+00  0.00000000E+00  3.84689081E-02  0.
   171  7.09999979E-01  0.00000000E+00  0.00000000E+00  0.00000000E+00  3.96266457E-02  0.
   172  7.20000029E-01  0.00000000E+00  0.00000000E+00  0.00000000E+00  4.08008609E-02  0.
   173  7.30000019E-01  0.00000000E+00  0.00000000E+00  0.00000000E+00  4.19915283E-02  0.
   174  7.40000010E-01  0.00000000E+00  0.00000000E+00  0.00000000E+00  4.31986412E-02  0.
   175  7.50000000E-01  0.00000000E+00  0.00000000E+00  0.00000000E+00  4.44221864E-02  0.
   176  7.59999990E-01  0.00000000E+00  0.00000000E+00  0.00000000E+00  4.56621468E-02  0.
   177  7.69999981E-01  0.00000000E+00  0.00000000E+00  0.00000000E+00  4.69185210E-02  0.
   178  7.79999971E-01  0.00000000E+00  0.00000000E+00  0.00000000E+00  4.81912892E-02  0.
   179  7.90000021E-01  0.00000000E+00  0.00000000E+00  0.00000000E+00  4.94804423E-02  0.
   180  8.00000012E-01  0.00000000E+00  0.00000000E+00  0.00000000E+00  5.07859612E-02  0.
   181  8.10000002E-01  0.00000000E+00  0.00000000E+00  0.00000000E+00  5.21078328E-02  0.
   182  8.19999993E-01  0.00000000E+00  0.00000000E+00  0.00000000E+00  5.34460433E-02  0.
   183  8.29999983E-01  0.00000000E+00  0.00000000E+00  0.00000000E+00  5.48005754E-02  0.
   184  8.39999974E-01  0.00000000E+00  0.00000000E+00  0.00000000E+00  5.61714147E-02  0.
   185  8.50000024E-01  0.00000000E+00  0.00000000E+00  0.00000000E+00  5.75585600E-02  0.
   186  8.60000014E-01  0.00000000E+00  0.00000000E+00  0.00000000E+00  5.89619802E-02  0.
   187  8.70000005E-01  0.00000000E+00  0.00000000E+00  0.00000000E+00  6.03816323E-02  0.
   188  8.79999995E-01  0.00000000E+00  0.00000000E+00  0.00000000E+00  6.18176064E-02  0.
   189  8.89999986E-01  0.00000000E+00  0.00000000E+00  0.00000000E+00  6.32698136E-02  0.
   190  8.99999976E-01  0.00000000E+00  0.00000000E+00  0.00000000E+00  6.47382519E-02  0.
   191  9.10000026E-01  0.00000000E+00  0.00000000E+00  0.00000000E+00  6.62229150E-02  0.
   192  9.20000017E-01  0.00000000E+00  0.00000000E+00  0.00000000E+00  6.77237669E-02  0.
   193  9.30000007E-01  0.00000000E+00  0.00000000E+00  0.00000000E+00  6.92408024E-02  0.
   194  9.39999998E-01  0.00000000E+00  0.00000000E+00  0.00000000E+00  7.07740071E-02  0.
   195  9.49999988E-01  0.00000000E+00  0.00000000E+00  0.00000000E+00  7.23233847E-02  0.
   196  9.59999979E-01  0.00000000E+00  0.00000000E+00  0.00000000E+00  7.38889136E-02  0.
   197  9.70000029E-01  0.00000000E+00  0.00000000E+00  0.00000000E+00  7.54705907E-02  0.
   198  9.80000019E-01  0.00000000E+00  0.00000000E+00  0.00000000E+00  7.70683706E-02  0.
   199  9.90000010E-01  0.00000000E+00  0.00000000E+00  0.00000000E+00  7.86822491E-02  0.
STEP   5 TIME  5.00000000E+00
     1 -9.90000010E-01  0.00000000E+00  0.00000000E+00  0.00000000E+00  7.85647258E-02  0.
     2 -9.80000019E-01  0.00000000E+00  0.00000000E+00  0.00000000E+00  7.69523293E-02  0.
     3 -9.70000029E-01  0.00000000E+00  0.00000000E+00  0.00000000E+00  7.53560506E-02  0.
     4 -9.59999979E-01  0.00000000E+00  0.00000000E+00  0.00000000E+00  7.37758734E-02  0.
     5 -9.49999988E-01  0.00000000E+00  0.00000000E+00  0.00000000E+00  7.22118302E-02  0.
     6 -9.39999998E-01  0.00000000E+00  0.00000000E+00  0.00000000E+00  7.06639260E-02  0.
     7 -9.30000007E-01  0.00000000E+00  0.00000000E+00  0.00000000E+00  6.91321753E-02  0.
     8 -9.20000017E-01  0.00000000E+00  0.00000000E+00  0.00000000E+00  6.76166098E-02  0.
     9 -9.10000026E-01  0.00000000E+00  0.00000000E+00  0.00000000E+00  6.61172330E-02  0.
    10 -8.99999976E-01  0.00000000E+00  0.00000000E+00  0.00000000E+00  6.46340551E-02  0.
    11 -8.89999986E-01  0.00000000E+00  0.00000000E+00  0.00000000E+00  6.31670971E-02  0.
    12 -8.79999995E-01  0.00000000E+00  0.00000000E+00  0.00000000E+00  6.17163616E-02  0.
    13 -8.70000005E-01  0.00000000E+00  0.00000000E+00  0.00000000E+00  6.02818659E-02  0.
    14 -8.60000014E-01  0.00000000E+00  0.00000000E+00  0.00000000E+00  5.88636203E-02  0.
    15 -8.50000024E-01  0.00000000E+00  0.00000000E+00  0.00000000E+00  5.74616437E-02  0.
    16 -8.39999974E-01  0.00000000E+00  0.00000000E+00  0.00000000E+00  5.60759761E-02  0.
    17 -8.29999983E-01  0.00000000E+00  0.00000000E+00  0.00000000E+00  5.47065181E-02  0.
    18 -8.19999993E-01  0.00000000E+00  0.00000000E+00  0.00000000E+00  5.33534593E-02  0.
    19 -8.10000002E-01  0.00000000E+00  0.00000000E+00  0.00000000E+00  5.20167058E-02  0.
    20 -8.00000012E-01  0.00000000E+00  0.00000000E+00  0.00000000E+00  5.06962896E-02  0.
    21 -7.90000021E-01  0.00000000E+00  0.00000000E+00  0.00000000E+00  4.93922179E-02  0.
    22 -7.79999971E-01  0.00000000E+00  0.00000000E+00  0.00000000E+00  4.81045032E-02  0.
    23 -7.69999981E-01  0.00000000E+00  0.00000000E+00  0.00000000E+00  4.68331684E-02  0.
    24 -7.59999990E-01  0.00000000E+00  0.00000000E+00  0.00000000E+00  4.55782206E-02  0.
    25 -7.50000000E-01  0.00000000E+00  0.00000000E+00  0.00000000E+00  4.43396771E-02  0.
    26 -7.40000010E-01  0.00000000E+00  0.00000000E+00  0.00000000E+00  4.31175544E-02  0.
    27 -7.30000019E-01  0.00000000E+00  0.00000000E+00  0.00000000E+00  4.19118611E-02  0.
    28 -7.20000029E-01  0.00000000E+00  0.00000000E+00  0.00000000E+00  4.07226123E-02  0.
    29 -7.09999979E-01  0.00000000E+00  0.00000000E+00  0.00000000E+00  3.95498143E-02  0.
    30 -6.99999988E-01  0.00000000E+00  0.00000000E+00  0.00000000E+00  3.83934962E-02  0.
    31 -6.89999998E-01  0.00000000E+00  0.00000000E+00  0.00000000E+00  3.72536608E-02  0.
    32 -6.80000007E-01  0.00000000E+00  0.00000000E+00  0.00000000E+00  3.61303205E-02  0.
    33 -6.70000017E-01  0.00000000E+00  0.00000000E+00  0.00000000E+00  3.50234905E-02  0.
    34 -6.60000026E-01  0.00000000E+00  0.00000000E+00  0.00000000E+00  3.39331814E-02  0.
    35 -6.49999976E-01  0.00000000E+00  0.00000000E+00  0.00000000E+00  3.28594045E-02  0.
    36 -6.39999986E-01  0.00000000E+00  0.00000000E+00  0.00000000E+00  3.18021858E-02  0.
    37 -6.29999995E-01  0.00000000E+00  0.00000000E+00  0.00000000E+00  3.07615308E-02  0.
    38 -6.20000005E-01  0.00000000E+00  0.00000000E+00  0.00000000E+00  2.97374537E-02  0.
    39 -6.10000014E-01  0.00000000E+00  0.00000000E+00  0.00000000E+00  2.87299723E-02  0.
    40 -6.00000024E-01  0.00000000E+00  0.00000000E+00  0.00000000E+00  2.77390971E-02  0.
    41 -5.89999974E-01  0.00000000E+00  0.00000000E+00  0.00000000E+00  2.67648409E-02  0.
    42 -5.79999983E-01  0.00000000E+00  0.00000000E+00  0.00000000E+00  2.58072250E-02  0.
    43 -5.69999993E-01  0.00000000E+00  0.00000000E+00  0.00000000E+00  2.48662635E-02  0.
    44 -5.60000002E-01  0.00000000E+00  0.00000000E+00  0.00000000E+00  2.39419711E-02  0.
    45 -5.50000012E-01  0.00000000E+00  0.00000000E+00  0.00000000E+00  2.30343577E-02  0.
    46 -5.40000021E-01  0.00000000E+00  0.00000000E+00  0.00000000E+00  2.21434493E-02  0.
    47 -5.29999971E-01  0.00000000E+00  0.00000000E+00  0.00000000E+00  2.12691958E-02  0.
    48 -5.19999981E-01  0.00000000E+00  0.00000000E+00  0.00000000E+00  2.04117613E-02  0.
    49 -5.09999990E-01  0.00000000E+00  0.00000000E+00  0.00000000E+00  1.95710463E-02  0.
    50 -5.00000000E-01  0.00000000E+00  0.00000000E+00  0.00000000E+00  1.87471014E-02  0.
    51 -4.90000010E-01  0.00000000E+00  0.00000000E+00  0.00000000E+00  1.79399404E-02  0.
    52 -4.79999989E-01  0.00000000E+00  0.00000000E+00  0.00000000E+00  1.71495824E-02  0.
    53 -4.69999999E-01  0.00000000E+00  0.00000000E+00  0.00000000E+00  1.63760475E-02  0.
    54 -4.60000008E-01  0.00000000E+00  0.00000000E+00  0.00000000E+00  1.56193562E-02  0.
    55 -4.49999988E-01  0.00000000E+00  0.00000000E+00  0.00000000E+00  1.48795282E-02  0.
    56 -4.39999998E-01  0.00000000E+00  0.00000000E+00  0.00000000E+00  1.41565862E-02  0.
    57 -4.30000007E-01  0.00000000E+00  0.00000000E+00  0.00000000E+00  1.34505543E-02  0.
    58 -4.19999987E-01  0.00000000E+00  0.00000000E+00  0.00000000E+00  1.27614525E-02  0.
    59 -4.09999996E-01  0.00000000E+00  0.00000000E+00  0.00000000E+00  1.20893096E-02  0.
    60 -4.00000006E-01  0.00000000E+00  0.00000000E+00  0.00000000E+00  1.14341504E-02  0.
    61 -3.89999986E-01  0.00000000E+00  0.00000000E+00  0.00000000E+00  1.07960026E-02  0.
    62 -3.79999995E-01  0.00000000E+00  0.00000000E+00  0.00000000E+00  1.01748964E-02  0.
    63 -3.70000005E-01  0.00000000E+00  0.00000000E+00  0.00000000E+00  9.57086521E-03  0.
    64 -3.60000014E-01  0.00000000E+00  0.00000000E+00  0.00000000E+00  8.98394089E-03  0.
    65 -3.49999994E-01  0.00000000E+00  0.00000000E+00  0.00000000E+00  8.41415820E-03  0.
    66 -3.40000004E-01  0.00000000E+00  0.00000000E+00  0.00000000E+00  7.86155940E-03  0.
    67 -3.30000013E-01  0.00000000E+00  0.00000000E+00  0.00000000E+00  7.32622617E-03  0.
    68 -3.19999993E-01  0.00000000E+00  0.00000000E+00  0.00000000E+00  6.80810806E-03  0.
    69 -3.10000002E-01  0.00000000E+00  0.00000000E+00  0.00000000E+00  6.30732824E-03  0.
    70 -3.00000012E-01  0.00000000E+00  0.00000000E+00  0.00000000E+00  5.82392352E-03  0.
    71 -2.89999992E-01  0.00000000E+00  0.00000000E+00  0.00000000E+00  5.35795427E-03  0.
    72 -2.80000001E-01  0.00000000E+00  0.00000000E+00  0.00000000E+00  4.90949000E-03  0.
    73 -2.70000011E-01  0.00000000E+00  0.00000000E+00  0.00000000E+00  4.47860355E-03  0.
    74 -2.59999990E-01  0.00000000E+00  0.00000000E+00  0.00000000E+00  4.06537727E-03  0.
    75 -2.50000000E-01  0.00000000E+00  0.00000000E+00  0.00000000E+00  3.66990681E-03  0.
    76 -2.39999995E-01  0.00000000E+00  0.00000000E+00  0.00000000E+00  3.29229845E-03  0.
    77 -2.30000004E-01  0.00000000E+00  0.00000000E+00  0.00000000E+00  2.93267400E-03  0.
    78 -2.19999999E-01  0.00000000E+00  0.00000000E+00  0.00000000E+00  2.59117344E-03  0.
    79 -2.09999993E-01  0.00000000E+00  0.00000000E+00  0.00000000E+00  2.26796100E-03  0.
    80 -2.00000003E-01  0.00000000E+00  0.00000000E+00  0.00000000E+00  1.96322959E-03  0.
    81 -1.89999998E-01  0.00000000E+00  0.00000000E+00  0.00000000E+00  1.67720756E-03  0.
    82 -1.80000007E-01  0.00000000E+00  0.00000000E+00  0.00000000E+00  1.41017260E-03  0.
    83 -1.70000002E-01  0.00000000E+00  0.00000000E+00  0.00000000E+00  1.16246462E-03  0.
    84 -1.59999996E-01  0.00000000E+00  0.00000000E+00  0.00000000E+00  9.34507463E-04  0.
    85 -1.50000006E-01  0.00000000E+00  0.00000000E+00  0.00000000E+00  7.26856783E-04  0.
    86 -1.40000001E-01  0.00000000E+00  0.00000000E+00  0.00000000E+00  5.40214304E-04  0.
    87 -1.29999995E-01  0.00000000E+00  0.00000000E+00  0.00000000E+00  3.75653837E-04  0.
    88 -1.19999997E-01  0.00000000E+00  0.00000000E+00  0.00000000E+00  2.34446338E-04  0.
    89 -1.09999999E-01  0.00000000E+00  0.00000000E+00  0.00000000E+00  1.19604268E-04  0.
    90 -1.00000001E-01  0.00000000E+00  0.00000000E+00  0.00000000E+00  3.36478967E-05  0.
    91 -9.00000036E-02  1.60156241E+02 -9.60937447E+01  3.03299162E-04 -8.00781206E-07  2.
    92 -7.99999982E-02  3.94607766E+02 -2.36764660E+02  1.42137546E-04 -1.97303883E-06  2.
    93 -7.00000003E-02  5.35162612E+02 -3.21097567E+02  2.74241529E-05 -2.67581306E-06  2.
    94 -5.99999987E-02  6.28474363E+02 -2.46168381E+02  0.00000000E+00 -3.14237182E-06  1.
    95 -5.00000007E-02  6.98101873E+02 -1.92710014E+02  0.00000000E+00 -3.49050937E-06  1.
    96 -3.99999991E-02  7.50001148E+02 -1.70415106E+02  0.00000000E+00 -3.75000574E-06  1.
    97 -2.99999993E-02  7.87985012E+02 -1.57814649E+02  0.00000000E+00 -3.93992506E-06  1.
    98 -1.99999996E-02  8.13968135E+02 -1.50984014E+02  0.00000000E+00 -4.06984068E-06  1.
    99 -9.99999978E-03  8.29087998E+02 -1.47995339E+02  0.00000000E+00 -4.14543999E-06  1.
   100  0.00000000E+00  8.33951084E+02 -1.47096444E+02  0.00000000E+00 -4.16975542E-06  1.
   101  9.99999978E-03  8.28732147E+02 -1.48722180E+02  0.00000000E+00 -4.14366074E-06  1.
   102  1.99999996E-02  8.13244096E+02 -1.53738540E+02  0.00000000E+00 -4.06622048E-06  1.
   103  2.99999993E-02  7.86867640E+02 -1.61937408E+02  0.00000000E+00 -3.93433820E-06  1.
   104  3.99999991E-02  7.48444529E+02 -1.75159454E+02  0.00000000E+00 -3.74222264E-06  1.
   105  5.00000007E-02  6.96067591E+02 -1.99373288E+02  0.00000000E+00 -3.48033796E-06  1.
   106  5.99999987E-02  6.25736553E+02 -2.58330256E+02  0.00000000E+00 -3.12868276E-06  1.
   107  7.00000003E-02  5.32106512E+02 -3.19263907E+02  2.41221497E-05 -2.66053256E-06  2.
   108  7.99999982E-02  3.88807760E+02 -2.33284656E+02  1.37564087E-04 -1.94403880E-06  2.
   109  9.00000036E-02  1.46839790E+02 -8.81038738E+01  2.98290172E-04 -7.34198948E-07  2.
   110  1.00000001E-01  0.00000000E+00  0.00000000E+00  0.00000000E+00  3.75260568E-05  0.
   111  1.09999999E-01  0.00000000E+00  0.00000000E+00  0.00000000E+00  1.25650947E-04  0.
   112  1.19999997E-01  0.00000000E+00  0.00000000E+00  0.00000000E+00  2.42690775E-04  0.
   113  1.29999995E-01  0.00000000E+00  0.00000000E+00  0.00000000E+00  3.85964741E-04  0.
   114  1.40000001E-01  0.00000000E+00  0.00000000E+00  0.00000000E+00  5.52596294E-04  0.
   115  1.50000006E-01  0.00000000E+00  0.00000000E+00  0.00000000E+00  7.41304767E-04  0.
   116  1.59999996E-01  0.00000000E+00  0.00000000E+00  0.00000000E+00  9.51023859E-04  0.
   117  1.70000002E-01  0.00000000E+00  0.00000000E+00  0.00000000E+00  1.18110613E-03  0.
   118  1.80000007E-01  0.00000000E+00  0.00000000E+00  0.00000000E+00  1.43093939E-03  0.
   119  1.89999998E-01  0.00000000E+00  0.00000000E+00  0.00000000E+00  1.70012300E-03  0.
   120  2.00000003E-01  0.00000000E+00  0.00000000E+00  0.00000000E+00  1.98831886E-03  0.
   121  2.09999993E-01  0.00000000E+00  0.00000000E+00  0.00000000E+00  2.29524825E-03  0.
   122  2.19999999E-01  0.00000000E+00  0.00000000E+00  0.00000000E+00  2.62068532E-03  0.
   123  2.30000004E-01  0.00000000E+00  0.00000000E+00  0.00000000E+00  2.96443139E-03  0.
   124  2.39999995E-01  0.00000000E+00  0.00000000E+00  0.00000000E+00  3.32632365E-03  0.
   125  2.50000000E-01  0.00000000E+00  0.00000000E+00  0.00000000E+00  3.70622187E-03  0.
   126  2.59999990E-01  0.00000000E+00  0.00000000E+00  0.00000000E+00  4.10400343E-03  0.
   127  2.70000011E-01  0.00000000E+00  0.00000000E+00  0.00000000E+00  4.51956202E-03  0.
   128  2.80000001E-01  0.00000000E+00  0.00000000E+00  0.00000000E+00  4.95280124E-03  0.
   129  2.89999992E-01  0.00000000E+00  0.00000000E+00  0.00000000E+00  5.40363831E-03  0.
   130  3.00000012E-01  0.00000000E+00  0.00000000E+00  0.00000000E+00  5.87199974E-03  0.
   131  3.10000002E-01  0.00000000E+00  0.00000000E+00  0.00000000E+00  6.35781537E-03  0.
   132  3.19999993E-01  0.00000000E+00  0.00000000E+00  0.00000000E+00  6.86102511E-03  0.
   133  3.30000013E-01  0.00000000E+00  0.00000000E+00  0.00000000E+00  7.38157566E-03  0.
   134  3.40000004E-01  0.00000000E+00  0.00000000E+00  0.00000000E+00  7.91941328E-03  0.
   135  3.49999994E-01  0.00000000E+00  0.00000000E+00  0.00000000E+00  8.47449293E-03  0.
   136  3.60000014E-01  0.00000000E+00  0.00000000E+00  0.00000000E+00  9.04677367E-03  0.
   137  3.70000005E-01  0.00000000E+00  0.00000000E+00  0.00000000E+00  9.63621253E-03  0.
   138  3.79999995E-01  0.00000000E+00  0.00000000E+00  0.00000000E+00  1.02427744E-02  0.
   139  3.89999986E-01  0.00000000E+00  0.00000000E+00  0.00000000E+00  1.08664255E-02  0.
   140  4.00000006E-01  0.00000000E+00  0.00000000E+00  0.00000000E+00  1.15071349E-02  0.
   141  4.09999996E-01  0.00000000E+00  0.00000000E+00  0.00000000E+00  1.21648693E-02  0.
   142  4.19999987E-01  0.00000000E+00  0.00000000E+00  0.00000000E+00  1.28396020E-02  0.
   143  4.30000007E-01  0.00000000E+00  0.00000000E+00  0.00000000E+00  1.35313081E-02  0.
   144  4.39999998E-01  0.00000000E+00  0.00000000E+00  0.00000000E+00  1.42399582E-02  0.
   145  4.49999988E-01  0.00000000E+00  0.00000000E+00  0.00000000E+00  1.49655304E-02  0.
   146  4.60000008E-01  0.00000000E+00  0.00000000E+00  0.00000000E+00  1.57080033E-02  0.
   147  4.69999999E-01  0.00000000E+00  0.00000000E+00  0.00000000E+00  1.64673511E-02  0.
   148  4.79999989E-01  0.00000000E+00  0.00000000E+00  0.00000000E+00  1.72435544E-02  0.
   149  4.90000010E-01  0.00000000E+00  0.00000000E+00  0.00000000E+00  1.80365949E-02  0.
   150  5.00000000E-01  0.00000000E+00  0.00000000E+00  0.00000000E+00  1.88464488E-02  0.
   151  5.09999990E-01  0.00000000E+00  0.00000000E+00  0.00000000E+00  1.96730991E-02  0.
   152  5.19999981E-01  0.00000000E+00  0.00000000E+00  0.00000000E+00  2.05165279E-02  0.
   153  5.29999971E-01  0.00000000E+00  0.00000000E+00  0.00000000E+00  2.13767166E-02  0.
   154  5.40000021E-01  0.00000000E+00  0.00000000E+00  0.00000000E+00  2.22536545E-02  0.
   155  5.50000012E-01  0.00000000E+00  0.00000000E+00  0.00000000E+00  2.31473119E-02  0.
   156  5.60000002E-01  0.00000000E+00  0.00000000E+00  0.00000000E+00  2.40576803E-02  0.
   157  5.69999993E-01  0.00000000E+00  0.00000000E+00  0.00000000E+00  2.49847409E-02  0.
   158  5.79999983E-01  0.00000000E+00  0.00000000E+00  0.00000000E+00  2.59284793E-02  0.
   159  5.89999974E-01  0.00000000E+00  0.00000000E+00  0.00000000E+00  2.68888805E-02  0.
   160  6.00000024E-01  0.00000000E+00  0.00000000E+00  0.00000000E+00  2.78659329E-02  0.
   161  6.10000014E-01  0.00000000E+00  0.00000000E+00  0.00000000E+00  2.88596122E-02  0.
   162  6.20000005E-01  0.00000000E+00  0.00000000E+00  0.00000000E+00  2.98699073E-02  0.
   163  6.29999995E-01  0.00000000E+00  0.00000000E+00  0.00000000E+00  3.08968060E-02  0.
   164  6.39999986E-01  0.00000000E+00  0.00000000E+00  0.00000000E+00  3.19402915E-02  0.
   165  6.49999976E-01  0.00000000E+00  0.00000000E+00  0.00000000E+00  3.30003491E-02  0.
   166  6.60000026E-01  0.00000000E+00  0.00000000E+00  0.00000000E+00  3.40769728E-02  0.
   167  6.70000017E-01  0.00000000E+00  0.00000000E+00  0.00000000E+00  3.51701369E-02  0.
   168  6.80000007E-01  0.00000000E+00  0.00000000E+00  0.00000000E+00  3.62798292E-02  0.
   169  6.89999998E-01  0.00000000E+00  0.00000000E+00  0.00000000E+00  3.74060397E-02  0.
   170  6.99999988E-01  0.00000000E+00  0.00000000E+00  0.00000000E+00  3.85487590E-02  0.
   171  7.09999979E-01  0.00000000E+00  0.00000000E+00  0.00000000E+00  3.97079689E-02  0.
   172  7.20000029E-01  0.00000000E+00  0.00000000E+00  0.00000000E+00  4.08836816E-02  0.
   173  7.30000019E-01  0.00000000E+00  0.00000000E+00  0.00000000E+00  4.20757824E-02  0.
   174  7.40000010E-01  0.00000000E+00  0.00000000E+00  0.00000000E+00  4.32843892E-02  0.
   175  7.50000000E-01  0.00000000E+00  0.00000000E+00  0.00000000E+00  4.45094330E-02  0.
   176  7.59999990E-01  0.00000000E+00  0.00000000E+00  0.00000000E+00  4.57508915E-02  0.
   177  7.69999981E-01  0.00000000E+00  0.00000000E+00  0.00000000E+00  4.70087631E-02  0.
   178  7.79999971E-01  0.00000000E+00  0.00000000E+00  0.00000000E+00  4.82830288E-02  0.
   179  7.90000021E-01  0.00000000E+00  0.00000000E+00  0.00000000E+00  4.95736795E-02  0.
   180  8.00000012E-01  0.00000000E+00  0.00000000E+00  0.00000000E+00  5.08806923E-02  0.
   181  8.10000002E-01  0.00000000E+00  0.00000000E+00  0.00000000E+00  5.22040565E-02  0.
   182  8.19999993E-01  0.00000000E+00  0.00000000E+00  0.00000000E+00  5.35437647E-02  0.
   183  8.29999983E-01  0.00000000E+00  0.00000000E+00  0.00000000E+00  5.48998079E-02  0.
   184  8.39999974E-01  0.00000000E+00  0.00000000E+00  0.00000000E+00  5.62721615E-02  0.
   185  8.50000024E-01  0.00000000E+00  0.00000000E+00  0.00000000E+00  5.76608317E-02  0.
   186  8.60000014E-01  0.00000000E+00  0.00000000E+00  0.00000000E+00  5.90657841E-02  0.
   187  8.70000005E-01  0.00000000E+00  0.00000000E+00  0.00000000E+00  6.04870077E-02  0.
   188  8.79999995E-01  0.00000000E+00  0.00000000E+00  0.00000000E+00  6.19244861E-02  0.
   189  8.89999986E-01  0.00000000E+00  0.00000000E+00  0.00000000E+00  6.33782097E-02  0.
   190  8.99999976E-01  0.00000000E+00  0.00000000E+00  0.00000000E+00  6.48481579E-02  0.
   191  9.10000026E-01  0.00000000E+00  0.00000000E+00  0.00000000E+00  6.63342875E-02  0.
   192  9.20000017E-01  0.00000000E+00  0.00000000E+00  0.00000000E+00  6.78366946E-02  0.
   193  9.30000007E-01  0.00000000E+00  0.00000000E+00  0.00000000E+00  6.93552750E-02  0.
   194  9.39999998E-01  0.00000000E+00  0.00000000E+00  0.00000000E+00  7.08900335E-02  0.
   195  9.49999988E-01  0.00000000E+00  0.00000000E+00  0.00000000E+00  7.24409499E-02  0.
   196  9.59999979E-01  0.00000000E+00  0.00000000E+00  0.00000000E+00  7.40080123E-02  0.
   197  9.70000029E-01  0.00000000E+00  0.00000000E+00  0.00000000E+00  7.55912110E-02  0.
   198  9.80000019E-01  0.00000000E+00  0.00000000E+00  0.00000000E+00  7.71905231E-02  0.
   199  9.90000010E-01  0.00000000E+00  0.00000000E+00  0.00000000E+00  7.88059505E-02  0.
