5,   -0.5,   0.0
7,   0.5,   0.0
359,   0.49,   0.0
360,   0.48,   0.0
361,   0.47,   0.0
362,   0.46,   0.0
363,   0.45,   0.0
364,   0.44,   0.0
365,   0.43,   0.0
366,   0.42,   0.0
367,   0.41,   0.0
368,   0.4,   0.0
369,   0.39,   0.0
370,   0.38,   0.0
371,   0.37,   0.0
372,   0.36,   0.0
373,   0.35,   0.0
374,   0.34,   0.0
375,   0.33,   0.0
376,   0.32,   0.0
377,   0.31,   0.0
378,   0.3,   0.0
379,   0.29,   0.0
380,   0.28,   0.0
381,   0.27,   0.0
382,   0.26,   0.0
383,   0.25,   0.0
384,   0.24,   0.0
385,   0.23,   0.0
386,   0.22,   0.0
387,   0.21,   0.0
388,   0.2,   0.0
389,   0.19,   0.0
390,   0.18,   0.0
391,   0.17,   0.0
392,   0.16,   0.0
393,   0.15,   0.0
394,   0.14,   0.0
395,   0.13,   0.0
396,   0.12,   0.0
397,   0.11,   0.0
398,   0.1,   0.0
399,   0.09,   0.0
400,   0.08,   0.0
401,   0.07,   0.0
402,   0.06,   0.0
403,   0.05,   0.0
404,   0.04,   0.0
405,   0.03,   0.0
406,   0.02,   0.0
407,   0.01,   0.0
408,   0.0,   0.0
409,   -0.01,   0.0
410,   -0.02,   0.0
411,   -0.03,   0.0
412,   -0.04,   0.0
413,   -0.05,   0.0
414,   -0.06,   0.0
415,   -0.07,   0.0
416,   -0.08,   0.0
417,   -0.09,   0.0
418,   -0.1,   0.0
419,   -0.11,   0.0
420,   -0.12,   0.0
421,   -0.13,   0.0
422,   -0.14,   0.0
423,   -0.15,   0.0
424,   -0.16,   0.0
425,   -0.17,   0.0
426,   -0.18,   0.0
427,   -0.19,   0.0
428,   -0.2,   0.0
429,   -0.21,   0.0
430,   -0.22,   0.0
431,   -0.23,   0.0
432,   -0.24,   0.0
433,   -0.25,   0.0
434,   -0.26,   0.0
435,   -0.27,   0.0
436,   -0.28,   0.0
437,   -0.29,   0.0
438,   -0.3,   0.0
439,   -0.31,   0.0
440,   -0.32,   0.0
441,   -0.33,   0.0
442,   -0.34,   0.0
443,   -0.35,   0.0
444,   -0.36,   0.0
445,   -0.37,   0.0
446,   -0.38,   0.0
447,   -0.39,   0.0
448,   -0.4,   0.0
449,   -0.41,   0.0
450,   -0.42,   0.0
451,   -0.43,   0.0
452,   -0.44,   0.0
453,   -0.45,   0.0
454,   -0.46,   0.0
455,   -0.47,   0.0
456,   -0.48,   0.0
457,   -0.49,   0.0
# LevelSetWear, written by Inigo Llavori. Unworn surface of the model
# (node label, x, y in mm), read by extractMeshMotion.py.
# If you use it, please cite I. Llavori, Wear simulation on a fixed mesh with level sets
# and immersed frictional contact, submitted for publication. Mondragon Unibertsitatea.
# https://github.com/illavori/LevelSetWear       BSD 3-Clause
