5,   0.5,   0.020869628
7,   -0.5,   0.020869628
359,   -0.4900225,   0.020043653
360,   -0.48004368,   0.019234324
361,   -0.4700635,   0.01844165
362,   -0.46008202,   0.017665628
363,   -0.45009923,   0.016906261
364,   -0.4401152,   0.016163556
365,   -0.43012998,   0.015437509
366,   -0.4201435,   0.014728125
367,   -0.41015592,   0.014035406
368,   -0.40016717,   0.013359352
369,   -0.39017728,   0.012699966
370,   -0.38018632,   0.012057251
371,   -0.37019432,   0.011431208
372,   -0.36020127,   0.010821838
373,   -0.3502072,   0.010229144
374,   -0.3402122,   0.009653126
375,   -0.3302162,   0.009093787
376,   -0.3202193,   0.008551128
377,   -0.31022155,   0.008025151
378,   -0.3002229,   0.007515856
379,   -0.29022342,   0.007023246
380,   -0.28022313,   0.006547322
381,   -0.27022204,   0.006088085
382,   -0.26022023,   0.0056455364
383,   -0.25021768,   0.0052196775
384,   -0.24021444,   0.0048105097
385,   -0.23021051,   0.0044180336
386,   -0.22020596,   0.0040422506
387,   -0.2102008,   0.0036831617
388,   -0.20019504,   0.003340768
389,   -0.19018874,   0.0030150705
390,   -0.18018189,   0.0027060697
391,   -0.17017455,   0.0024137672
392,   -0.16016674,   0.002138163
393,   -0.15015848,   0.0018792583
394,   -0.1401498,   0.0016370538
395,   -0.13014072,   0.0014115501
396,   -0.1201313,   0.0012027479
397,   -0.11012153,   0.0010106477
398,   -0.100111455,   0.00083525013
399,   -0.09010111,   0.0006765556
400,   -0.08009051,   0.00053456455
401,   -0.07007968,   0.00040927742
402,   -0.06006866,   0.00030069452
403,   -0.05005747,   0.00020881617
404,   -0.040046144,   0.00013364262
405,   -0.030034706,   7.51741e-05
406,   -0.020023184,   3.341075e-05
407,   -0.010011606,   8.352693e-06
408,   0.0,   0.0
409,   0.010011606,   8.352693e-06
410,   0.020023184,   3.341075e-05
411,   0.030034706,   7.51741e-05
412,   0.040046144,   0.00013364262
413,   0.05005747,   0.00020881617
414,   0.06006866,   0.00030069452
415,   0.07007968,   0.00040927742
416,   0.08009051,   0.00053456455
417,   0.09010111,   0.0006765556
418,   0.100111455,   0.00083525013
419,   0.11012153,   0.0010106477
420,   0.1201313,   0.0012027479
421,   0.13014072,   0.0014115501
422,   0.1401498,   0.0016370538
423,   0.15015848,   0.0018792583
424,   0.16016674,   0.002138163
425,   0.17017455,   0.0024137672
426,   0.18018189,   0.0027060697
427,   0.19018874,   0.0030150705
428,   0.20019504,   0.003340768
429,   0.2102008,   0.0036831617
430,   0.22020596,   0.0040422506
431,   0.23021051,   0.0044180336
432,   0.24021444,   0.0048105097
433,   0.25021768,   0.0052196775
434,   0.26022023,   0.0056455364
435,   0.27022204,   0.006088085
436,   0.28022313,   0.006547322
437,   0.29022342,   0.007023246
438,   0.3002229,   0.007515856
439,   0.31022155,   0.008025151
440,   0.3202193,   0.008551128
441,   0.3302162,   0.009093787
442,   0.3402122,   0.009653126
443,   0.3502072,   0.010229144
444,   0.36020127,   0.010821838
445,   0.37019432,   0.011431208
446,   0.38018632,   0.012057251
447,   0.39017728,   0.012699966
448,   0.40016717,   0.013359352
449,   0.41015592,   0.014035406
450,   0.4201435,   0.014728125
451,   0.43012998,   0.015437509
452,   0.4401152,   0.016163556
453,   0.45009923,   0.016906261
454,   0.46008202,   0.017665628
455,   0.4700635,   0.01844165
456,   0.48004368,   0.019234324
457,   0.4900225,   0.020043653
# LevelSetWear, written by Inigo Llavori. Unworn surface of the model
# (node label, x, y in mm), read by extractMeshMotion.py.
# If you use it, please cite I. Llavori, Wear simulation on a fixed mesh with level sets
# and immersed frictional contact, submitted for publication. Mondragon Unibertsitatea.
# https://github.com/illavori/LevelSetWear       BSD 3-Clause
