801 8
-0.5 0.0208696276
-0.49875281375 0.0207654644782114
-0.4975056275 0.0206615624631326
-0.49625844125 0.0205579223904078
-0.495011255 0.0204545442464168
-0.49376406875 0.0203514280175758
-0.4925168825 0.0202485736903339
-0.49126969625 0.0201459812511784
-0.49002251 0.0200436525
-0.488775156125 0.0199415682825483
-0.48752780225 0.0198397477966124
-0.486280448375 0.0197381892154418
-0.4850330945 0.0196368925256927
-0.483785740625 0.0195358577140583
-0.48253838675 0.0194350847672666
-0.481291032875 0.0193345736720802
-0.480043679 0.0192343239
-0.478796157625 0.019134323574594
-0.47754863625 0.0190345846163122
-0.476301114875 0.0189351075273532
-0.4750535935 0.0188358922946499
-0.473806072125 0.018736938905171
-0.47255855075 0.0186382473459226
-0.471311029375 0.0185398176039424
-0.470063508 0.0184416492
-0.4688158225 0.0183437306567296
-0.467568137 0.0182460734946348
-0.4663204515 0.018148678167198
-0.465072766 0.0180515446616303
-0.4638250805 0.0179546729651765
-0.462577395 0.0178580630651188
-0.4613297095 0.0177617149487732
-0.460082024 0.0176656283
-0.45883417475 0.0175697914575315
-0.4575863255 0.0174742161261516
-0.45633847625 0.0173789025968034
-0.455090627 0.017283850856975
-0.45384277775 0.0171890608941885
-0.4525949285 0.0170945326960013
-0.45134707925 0.0170002662500064
-0.45009923 0.0169062614
-0.448851227875 0.0168125070966472
-0.44760322575 0.016719014428773
-0.446355223625 0.0166257835279371
-0.4451072215 0.016532814381903
-0.443859219375 0.0164401069784708
-0.44261121725 0.016347661305474
-0.441363215125 0.0162554773507821
-0.440115213 0.0161635559
-0.43886705825 0.0160718833542965
-0.4376189035 0.0159804733524256
-0.43637074875 0.0158893250846903
-0.435122594 0.0157984385391305
-0.43387443925 0.0157078137038216
-0.4326262845 0.0156174505668734
-0.43137812975 0.0155273491164332
-0.430129975 0.0154375089
-0.4288816675 0.0153479202812115
-0.42763336 0.0152585929369415
-0.4263850525 0.0151695272961518
-0.425136745 0.0150807233471557
-0.4238884375 0.0149921810783065
-0.42264013 0.0149039004779894
-0.4213918225 0.0148158815346271
-0.420143515 0.0147281252
-0.418895065875 0.0146406186607662
-0.41764661675 0.0145533747666517
-0.416398167625 0.0144663925428885
-0.4151497185 0.0143796719780696
-0.413901269375 0.01429321306082
-0.41265282025 0.014207015779804
-0.411404371125 0.0141210801237177
-0.410155922 0.0140354056
-0.408907327625 0.0139499837192654
-0.40765873325 0.0138648230093397
-0.406410138875 0.0137799239403495
-0.4051615445 0.0136952865011644
-0.403912950125 0.0136109106806872
-0.40266435575 0.0135267964678532
-0.401415761375 0.013442943851639
-0.400167167 0.013359352
-0.398918431125 0.0132760139364398
-0.39766969525 0.0131929366748613
-0.396420959375 0.0131101210254245
-0.3951722235 0.0130275669772733
-0.393923487625 0.0129452745195859
-0.39267475175 0.0128632436415757
-0.391426015875 0.012781474332491
-0.39017728 0.0126999663
-0.388928409875 0.0126187116576491
-0.38767953975 0.0125377183268007
-0.386430669625 0.0124569865784538
-0.3851817995 0.0123765164020258
-0.383932929375 0.012296307786972
-0.38268405925 0.012216360722781
-0.381435189125 0.0121366751989758
-0.380186319 0.0120572513
-0.378937318625 0.011978080488241
-0.37768831825 0.0118991713350809
-0.376439317875 0.011820523735298
-0.3751903175 0.0117421376785849
-0.373941317125 0.0116640131546708
-0.37269231675 0.0115861501533212
-0.371443316375 0.0115085486643345
-0.370194316 0.0114312079
-0.368945185125 0.0113541221430467
-0.36769605425 0.0112772971451598
-0.366446923375 0.01120073367382
-0.3651977925 0.0111244317189954
-0.363948661625 0.011048391270692
-0.36269953075 0.0109726123189482
-0.361450399875 0.0108970948538376
-0.360201269 0.0108218379
-0.358952011625 0.010746836762503
-0.35770275425 0.0106720961695572
-0.356453496875 0.0105976170768436
-0.3552042395 0.0105233994746063
-0.353954982125 0.0104494433531253
-0.35270572475 0.0103757487027138
-0.351456467375 0.0103023155137212
-0.35020721 0.0102291442
-0.34895783325 0.0101562265269832
-0.3477084565 0.0100835707600737
-0.34645907975 0.0100111764662882
-0.345209703 0.00993904363614551
-0.34396032625 0.00986717226020151
-0.3427109495 0.00979556232904422
-0.34146157275 0.00972421383329802
-0.340212196 0.00965312589
-0.338962696375 0.00958229415792822
-0.33771319675 0.009511723011145
-0.336463697125 0.00944141331403259
-0.3352141975 0.00937136505738412
-0.333964697875 0.00930157823202826
-0.33271519825 0.00923205282883099
-0.331465698625 0.00916278883868848
-0.330216199 0.00909378659
-0.328966587625 0.00902503892510254
-0.32771697625 0.00895655303038545
-0.326467364875 0.00888832855941768
-0.3252177535 0.00882036550326681
-0.323968142125 0.00875266385303775
-0.32271853075 0.00868522359986823
-0.321468919375 0.00861804473493155
-0.320219308 0.00855112821
-0.318969588625 0.00848446538504
-0.31771986925 0.0084180649277803
-0.316470149875 0.00835192586896838
-0.3152204305 0.00828604819994805
-0.313970711125 0.00822043191209687
-0.31272099175 0.00815507699682705
-0.311471272375 0.0080899834455872
-0.310221553 0.00802515075
-0.30897172175 0.00796057463246935
-0.3077218905 0.00789625940045102
-0.30647205925 0.00783220554538655
-0.305222228 0.00776841305889509
-0.30397239675 0.00770488193262775
-0.3027225655 0.00764161215827297
-0.30147273425 0.00757860372755292
-0.300222903 0.00751585606
-0.298972967625 0.00745336566919175
-0.29772303225 0.00739113606871022
-0.296473096875 0.00732916782263526
-0.2952231615 0.00726746092285957
-0.293973226125 0.00720601536131049
-0.29272329075 0.00714483112994913
-0.291473355375 0.00708390822076943
-0.29022342 0.00702324603
-0.288973383875 0.00696284147913584
-0.28772334775 0.00690269767296936
-0.286473311625 0.00684281519943752
-0.2852232755 0.0067831940507066
-0.283973239375 0.00672383421897838
-0.28272320325 0.00666473569648662
-0.281473167125 0.00660589847550419
-0.280223131 0.00654732203
-0.278972994375 0.00648900322945511
-0.27772285775 0.00643094523111643
-0.276472721125 0.00637314854572057
-0.2752225845 0.00631561316571005
-0.273972447875 0.00625833908355844
-0.27272231125 0.00620132629177661
-0.271472174625 0.00614457478290742
-0.270222038 0.00608808501
-0.268971812 0.00603185157366415
-0.267721586 0.00597587989590664
-0.26647136 0.00592016950893903
-0.265221134 0.00586472040547292
-0.263970908 0.00580953257825989
-0.262720682 0.0057546060200826
-0.261470456 0.00569994072375835
-0.26022023 0.00564553635
-0.25896991075 0.00559138985953567
-0.2577195915 0.00553750431641475
-0.25646927225 0.00548388004573308
-0.255218953 0.00543051704047848
-0.25396863375 0.00537741529367342
-0.2527183145 0.00532457479837589
-0.25146799525 0.00527199554767588
-0.250217676 0.00521967746
-0.248967271125 0.00516761719657666
-0.24771686625 0.00511581811831174
-0.246466461375 0.00506428029313355
-0.2452160565 0.00501300371430435
-0.243965651625 0.00496198837512019
-0.24271524675 0.0049112342689126
-0.241464841875 0.0048607413890478
-0.240214437 0.00481050974
-0.2389639465 0.00476053586905145
-0.237713456 0.00471082325159777
-0.2364629655 0.0046613718700641
-0.235212475 0.00461218171798539
-0.2339619845 0.00456325278893299
-0.232711494 0.00451458507651026
-0.2314610035 0.00446617857435694
-0.230210513 0.00441803364
-0.22895994425 0.00437014618738907
-0.2277093755 0.0043225203227113
-0.22645880675 0.00427515567589065
-0.225208238 0.00422805224073475
-0.22395766925 0.00418121001108762
-0.2227071005 0.00413462898082706
-0.22145653175 0.00408830914386638
-0.220205963 0.00404225057
-0.21895531775 0.0039964502321217
-0.2177046725 0.00395091117728796
-0.21645402725 0.00390563332370064
-0.215203382 0.00386061666543913
-0.21395273675 0.00381586119662369
-0.2127020915 0.00377136691140478
-0.21145144625 0.0037271338039675
-0.210200801 0.00368316169
-0.208950081375 0.00363944850767162
-0.20769936175 0.00359599633841867
-0.206448642125 0.0035528053550955
-0.2051979225 0.00350987555205862
-0.203947202875 0.00346720692369917
-0.20269648325 0.0034247994644403
-0.201445763625 0.00338265316874331
-0.200195044 0.00334076793
-0.1989442555 0.00329914176106705
-0.197693467 0.00325777666694105
-0.1964426785 0.00321667274331627
-0.19519189 0.00317582998482191
-0.1939411015 0.00313524838612267
-0.192690313 0.00309492794191701
-0.1914395245 0.00305486864693627
-0.190188736 0.00301507046
-0.188937880375 0.00297553136896056
-0.18768702475 0.00293625340362969
-0.186436169125 0.00289723659482455
-0.1851853135 0.00285848093744701
-0.183934457875 0.00281998642643444
-0.18268360225 0.00278175305675887
-0.181432746625 0.00274378082342519
-0.180181891 0.00270606973
-0.178930973875 0.00266861791111772
-0.17768005675 0.00263142724800414
-0.176429139625 0.00259449772727294
-0.1751782225 0.00255782934410131
-0.173927305375 0.00252142209369843
-0.17267638825 0.00248527597130987
-0.171425471125 0.00244939097221319
-0.170174554 0.00241376716
-0.16892357725 0.00237840264584044
-0.1676726005 0.00234329933418387
-0.16642162375 0.00230845715216788
-0.165170647 0.00227387609524143
-0.16391967025 0.00223955615888816
-0.1626686935 0.00220549733862541
-0.16141771675 0.00217169963000519
-0.16016674 0.00213816296
-0.1589157075 0.00210488605296
-0.157664675 0.00207187019908162
-0.1564136425 0.002039115462666
-0.15516261 0.00200662183943479
-0.1539115775 0.00197438932514604
-0.152660545 0.00194241791558802
-0.1514095125 0.00191070760658718
-0.15015848 0.00187925831
-0.14890739525 0.00184806897659051
-0.1476563105 0.00181714066922378
-0.14640522575 0.0017864734678632
-0.145154141 0.00175606736850487
-0.14390305625 0.00172592236717506
-0.1426519715 0.00169603845994093
-0.14140088675 0.00166641564289893
-0.140149802 0.00163705379
-0.138898667 0.00160795210036113
-0.137647532 0.00157911138820577
-0.136396397 0.00155053177194642
-0.135145262 0.00152221324785184
-0.133894127 0.00149415581222367
-0.132642992 0.00146635946139817
-0.131391857 0.00143882419174712
-0.130140722 0.0014115501
-0.128889544125 0.00138453596038168
-0.12763836625 0.00135778300947198
-0.126387188375 0.00133129114345376
-0.1251360105 0.00130506035886668
-0.123884832625 0.00127909065228504
-0.12263365475 0.00125338202031955
-0.121382476875 0.001227934459612
-0.120131299 0.00120274792
-0.11888007825 0.00117782168905478
-0.1176288575 0.00115315649055425
-0.11637763675 0.00112875236811849
-0.115126416 0.00110460931856249
-0.11387519525 0.00108072733873321
-0.1126239745 0.00105710642551493
-0.11137275375 0.00103374657582034
-0.110121533 0.00101064774
-0.10887027325 0.000987809347069657
-0.1076190135 0.000965231978290682
-0.10636775375 0.000942915677316414
-0.105116494 0.000920860441233629
-0.10386523425 0.000899066267163739
-0.1026139745 0.000877533152260135
-0.10136271475 0.000856261093712618
-0.100111455 0.000835250132
-0.098860161625 0.000814499580507722
-0.09760886825 0.000794010134428369
-0.096357574875 0.000773781747831492
-0.0951062815 0.000753814418077425
-0.093854988125 0.000734108142559364
-0.09260369475 0.000714662918703368
-0.091352401375 0.000695478743971911
-0.090101108 0.000676555617
-0.0888497829875 0.000657893063350734
-0.087598457975 0.000639491565754824
-0.0863471329625 0.000621351120670965
-0.08509580795 0.000603471725732163
-0.0838444829375 0.000585853378603396
-0.082593157925 0.000568496076984282
-0.0813418329125 0.000551399818609966
-0.0800905079 0.000534564548
-0.0788391540125 0.000517990043257477
-0.077587800125 0.0005016765339656
-0.0763364462375 0.000485624071242974
-0.07508509235 0.000469832652993496
-0.0738337384625 0.000454302277159258
-0.072582384575 0.000439032941709883
-0.0713310306875 0.000424024644653187
-0.0700796768 0.000409277418
-0.0688282996375 0.000394790890902996
-0.067576922475 0.000380565440104341
-0.0663255453125 0.000366601029775815
-0.06507416815 0.00035289765809754
-0.0638227909875 0.000339455323278948
-0.062571413825 0.000326274023566775
-0.0613200366625 0.000313353757238843
-0.0600686595 0.000300694519
-0.0588172609125 0.00028829610799086
-0.057565862325 0.000276158730739162
-0.0563144637375 0.000264282389268899
-0.05506306515 0.0002526670820302
-0.0538116665625 0.00024131280750872
-0.052560267975 0.000230219564221201
-0.0513088693875 0.000219387350719913
-0.0500574708 0.000208816171
-0.0488060549875 0.000198505867334831
-0.047554639175 0.000188456601913245
-0.0463032233625 0.000178668368011614
-0.04505180755 0.000169141164354514
-0.0438003917375 0.000159874989697606
-0.042548975925 0.000150869842831192
-0.0412975601125 0.000142125722580211
-0.0400461443 0.000133642621
-0.0387947145125 0.000125420467033344
-0.037543284725 0.000117459335386982
-0.0362918549375 0.000109759231824214
-0.03504042515 0.000102320155342284
-0.0337889953625 9.51421049686374e-05
-0.032537565575 8.82250797680229e-05
-0.0312861357875 8.15690788362744e-05
-0.030034706 7.51741027e-05
-0.0287832657375 6.9040096087214e-05
-0.027531825475 6.31671170054915e-05
-0.0262803852125 5.75551632930882e-05
-0.02502894495 5.22042342163687e-05
-0.0237775046875 4.71143290772247e-05
-0.022526064425 4.22854472112988e-05
-0.0212746241625 3.77175879897607e-05
-0.0200231839 3.34107499e-05
-0.01877173665 2.93649132627749e-05
-0.0175202894 2.55800995834221e-05
-0.01626884215 2.20563092820925e-05
-0.0150173949 1.87935418987095e-05
-0.01376594765 1.57917970069477e-05
-0.0125145004 1.30510742160084e-05
-0.01126305315 1.05713731679558e-05
-0.0100116059 8.35269293e-06
-0.0087601551625 6.39502994737029e-06
-0.007508704425 4.69838868522032e-06
-0.0062572536875 3.262769529222e-06
-0.00500580295 2.08817229463421e-06
-0.0037543522125 1.17459682602572e-06
-0.002502901475 5.22043006156991e-07
-0.0012514507375 1.30510747098356e-07
0 0
0.0012514507375 1.30510747098356e-07
0.002502901475 5.22043006156991e-07
0.0037543522125 1.17459682602572e-06
0.00500580295 2.08817229463421e-06
0.0062572536875 3.262769529222e-06
0.007508704425 4.69838868522032e-06
0.0087601551625 6.39502994737029e-06
0.0100116059 8.35269293e-06
0.01126305315 1.05713731679558e-05
0.0125145004 1.30510742160084e-05
0.01376594765 1.57917970069477e-05
0.0150173949 1.87935418987095e-05
0.01626884215 2.20563092820925e-05
0.0175202894 2.55800995834221e-05
0.01877173665 2.93649132627749e-05
0.0200231839 3.34107499e-05
0.0212746241625 3.77175879897607e-05
0.022526064425 4.22854472112988e-05
0.0237775046875 4.71143290772247e-05
0.02502894495 5.22042342163687e-05
0.0262803852125 5.75551632930882e-05
0.027531825475 6.31671170054915e-05
0.0287832657375 6.9040096087214e-05
0.030034706 7.51741027e-05
0.0312861357875 8.15690788362744e-05
0.032537565575 8.82250797680229e-05
0.0337889953625 9.51421049686374e-05
0.03504042515 0.000102320155342284
0.0362918549375 0.000109759231824214
0.037543284725 0.000117459335386982
0.0387947145125 0.000125420467033344
0.0400461443 0.000133642621
0.0412975601125 0.000142125722580211
0.042548975925 0.000150869842831192
0.0438003917375 0.000159874989697606
0.04505180755 0.000169141164354514
0.0463032233625 0.000178668368011614
0.047554639175 0.000188456601913245
0.0488060549875 0.000198505867334831
0.0500574708 0.000208816171
0.0513088693875 0.000219387350719913
0.052560267975 0.000230219564221201
0.0538116665625 0.00024131280750872
0.05506306515 0.0002526670820302
0.0563144637375 0.000264282389268899
0.057565862325 0.000276158730739162
0.0588172609125 0.00028829610799086
0.0600686595 0.000300694519
0.0613200366625 0.000313353757238843
0.062571413825 0.000326274023566775
0.0638227909875 0.000339455323278948
0.06507416815 0.00035289765809754
0.0663255453125 0.000366601029775815
0.067576922475 0.000380565440104341
0.0688282996375 0.000394790890902996
0.0700796768 0.000409277418
0.0713310306875 0.000424024644653187
0.072582384575 0.000439032941709883
0.0738337384625 0.000454302277159258
0.07508509235 0.000469832652993496
0.0763364462375 0.000485624071242974
0.077587800125 0.0005016765339656
0.0788391540125 0.000517990043257477
0.0800905079 0.000534564548
0.0813418329125 0.000551399818609966
0.082593157925 0.000568496076984282
0.0838444829375 0.000585853378603396
0.08509580795 0.000603471725732163
0.0863471329625 0.000621351120670965
0.087598457975 0.000639491565754824
0.0888497829875 0.000657893063350734
0.090101108 0.000676555617
0.091352401375 0.000695478743971911
0.09260369475 0.000714662918703368
0.093854988125 0.000734108142559364
0.0951062815 0.000753814418077425
0.096357574875 0.000773781747831492
0.09760886825 0.000794010134428369
0.098860161625 0.000814499580507722
0.100111455 0.000835250132
0.10136271475 0.000856261093712618
0.1026139745 0.000877533152260135
0.10386523425 0.000899066267163739
0.105116494 0.000920860441233629
0.10636775375 0.000942915677316414
0.1076190135 0.000965231978290682
0.10887027325 0.000987809347069657
0.110121533 0.00101064774
0.11137275375 0.00103374657582034
0.1126239745 0.00105710642551493
0.11387519525 0.00108072733873321
0.115126416 0.00110460931856249
0.11637763675 0.00112875236811849
0.1176288575 0.00115315649055425
0.11888007825 0.00117782168905478
0.120131299 0.00120274792
0.121382476875 0.001227934459612
0.12263365475 0.00125338202031955
0.123884832625 0.00127909065228504
0.1251360105 0.00130506035886668
0.126387188375 0.00133129114345376
0.12763836625 0.00135778300947198
0.128889544125 0.00138453596038168
0.130140722 0.0014115501
0.131391857 0.00143882419174712
0.132642992 0.00146635946139817
0.133894127 0.00149415581222367
0.135145262 0.00152221324785184
0.136396397 0.00155053177194642
0.137647532 0.00157911138820577
0.138898667 0.00160795210036113
0.140149802 0.00163705379
0.14140088675 0.00166641564289893
0.1426519715 0.00169603845994093
0.14390305625 0.00172592236717506
0.145154141 0.00175606736850487
0.14640522575 0.0017864734678632
0.1476563105 0.00181714066922378
0.14890739525 0.00184806897659051
0.15015848 0.00187925831
0.1514095125 0.00191070760658718
0.152660545 0.00194241791558802
0.1539115775 0.00197438932514604
0.15516261 0.00200662183943479
0.1564136425 0.002039115462666
0.157664675 0.00207187019908162
0.1589157075 0.00210488605296
0.16016674 0.00213816296
0.16141771675 0.00217169963000519
0.1626686935 0.00220549733862541
0.16391967025 0.00223955615888816
0.165170647 0.00227387609524143
0.16642162375 0.00230845715216788
0.1676726005 0.00234329933418387
0.16892357725 0.00237840264584044
0.170174554 0.00241376716
0.171425471125 0.00244939097221319
0.17267638825 0.00248527597130987
0.173927305375 0.00252142209369843
0.1751782225 0.00255782934410131
0.176429139625 0.00259449772727294
0.17768005675 0.00263142724800414
0.178930973875 0.00266861791111772
0.180181891 0.00270606973
0.181432746625 0.00274378082342519
0.18268360225 0.00278175305675887
0.183934457875 0.00281998642643444
0.1851853135 0.00285848093744701
0.186436169125 0.00289723659482455
0.18768702475 0.00293625340362969
0.188937880375 0.00297553136896056
0.190188736 0.00301507046
0.1914395245 0.00305486864693627
0.192690313 0.00309492794191701
0.1939411015 0.00313524838612267
0.19519189 0.00317582998482191
0.1964426785 0.00321667274331627
0.197693467 0.00325777666694105
0.1989442555 0.00329914176106705
0.200195044 0.00334076793
0.201445763625 0.00338265316874331
0.20269648325 0.0034247994644403
0.203947202875 0.00346720692369917
0.2051979225 0.00350987555205862
0.206448642125 0.0035528053550955
0.20769936175 0.00359599633841867
0.208950081375 0.00363944850767162
0.210200801 0.00368316169
0.21145144625 0.0037271338039675
0.2127020915 0.00377136691140478
0.21395273675 0.00381586119662369
0.215203382 0.00386061666543913
0.21645402725 0.00390563332370064
0.2177046725 0.00395091117728796
0.21895531775 0.0039964502321217
0.220205963 0.00404225057
0.22145653175 0.00408830914386638
0.2227071005 0.00413462898082706
0.22395766925 0.00418121001108762
0.225208238 0.00422805224073475
0.22645880675 0.00427515567589065
0.2277093755 0.0043225203227113
0.22895994425 0.00437014618738907
0.230210513 0.00441803364
0.2314610035 0.00446617857435694
0.232711494 0.00451458507651026
0.2339619845 0.00456325278893299
0.235212475 0.00461218171798539
0.2364629655 0.0046613718700641
0.237713456 0.00471082325159777
0.2389639465 0.00476053586905145
0.240214437 0.00481050974
0.241464841875 0.0048607413890478
0.24271524675 0.0049112342689126
0.243965651625 0.00496198837512019
0.2452160565 0.00501300371430435
0.246466461375 0.00506428029313355
0.24771686625 0.00511581811831174
0.248967271125 0.00516761719657666
0.250217676 0.00521967746
0.25146799525 0.00527199554767588
0.2527183145 0.00532457479837589
0.25396863375 0.00537741529367342
0.255218953 0.00543051704047848
0.25646927225 0.00548388004573308
0.2577195915 0.00553750431641475
0.25896991075 0.00559138985953567
0.26022023 0.00564553635
0.261470456 0.00569994072375835
0.262720682 0.0057546060200826
0.263970908 0.00580953257825989
0.265221134 0.00586472040547292
0.26647136 0.00592016950893903
0.267721586 0.00597587989590664
0.268971812 0.00603185157366415
0.270222038 0.00608808501
0.271472174625 0.00614457478290742
0.27272231125 0.00620132629177661
0.273972447875 0.00625833908355844
0.2752225845 0.00631561316571005
0.276472721125 0.00637314854572057
0.27772285775 0.00643094523111643
0.278972994375 0.00648900322945511
0.280223131 0.00654732203
0.281473167125 0.00660589847550419
0.28272320325 0.00666473569648662
0.283973239375 0.00672383421897838
0.2852232755 0.0067831940507066
0.286473311625 0.00684281519943752
0.28772334775 0.00690269767296936
0.288973383875 0.00696284147913584
0.29022342 0.00702324603
0.291473355375 0.00708390822076943
0.29272329075 0.00714483112994913
0.293973226125 0.00720601536131049
0.2952231615 0.00726746092285957
0.296473096875 0.00732916782263526
0.29772303225 0.00739113606871022
0.298972967625 0.00745336566919175
0.300222903 0.00751585606
0.30147273425 0.00757860372755292
0.3027225655 0.00764161215827297
0.30397239675 0.00770488193262775
0.305222228 0.00776841305889509
0.30647205925 0.00783220554538655
0.3077218905 0.00789625940045102
0.30897172175 0.00796057463246935
0.310221553 0.00802515075
0.311471272375 0.0080899834455872
0.31272099175 0.00815507699682705
0.313970711125 0.00822043191209687
0.3152204305 0.00828604819994805
0.316470149875 0.00835192586896838
0.31771986925 0.0084180649277803
0.318969588625 0.00848446538504
0.320219308 0.00855112821
0.321468919375 0.00861804473493155
0.32271853075 0.00868522359986823
0.323968142125 0.00875266385303775
0.3252177535 0.00882036550326681
0.326467364875 0.00888832855941768
0.32771697625 0.00895655303038545
0.328966587625 0.00902503892510254
0.330216199 0.00909378659
0.331465698625 0.00916278883868848
0.33271519825 0.00923205282883099
0.333964697875 0.00930157823202826
0.3352141975 0.00937136505738412
0.336463697125 0.00944141331403259
0.33771319675 0.009511723011145
0.338962696375 0.00958229415792822
0.340212196 0.00965312589
0.34146157275 0.00972421383329802
0.3427109495 0.00979556232904422
0.34396032625 0.00986717226020151
0.345209703 0.00993904363614551
0.34645907975 0.0100111764662882
0.3477084565 0.0100835707600737
0.34895783325 0.0101562265269832
0.35020721 0.0102291442
0.351456467375 0.0103023155137212
0.35270572475 0.0103757487027138
0.353954982125 0.0104494433531253
0.3552042395 0.0105233994746063
0.356453496875 0.0105976170768436
0.35770275425 0.0106720961695572
0.358952011625 0.010746836762503
0.360201269 0.0108218379
0.361450399875 0.0108970948538376
0.36269953075 0.0109726123189482
0.363948661625 0.011048391270692
0.3651977925 0.0111244317189954
0.366446923375 0.01120073367382
0.36769605425 0.0112772971451598
0.368945185125 0.0113541221430467
0.370194316 0.0114312079
0.371443316375 0.0115085486643345
0.37269231675 0.0115861501533212
0.373941317125 0.0116640131546708
0.3751903175 0.0117421376785849
0.376439317875 0.011820523735298
0.37768831825 0.0118991713350809
0.378937318625 0.011978080488241
0.380186319 0.0120572513
0.381435189125 0.0121366751989758
0.38268405925 0.012216360722781
0.383932929375 0.012296307786972
0.3851817995 0.0123765164020258
0.386430669625 0.0124569865784538
0.38767953975 0.0125377183268007
0.388928409875 0.0126187116576491
0.39017728 0.0126999663
0.391426015875 0.012781474332491
0.39267475175 0.0128632436415757
0.393923487625 0.0129452745195859
0.3951722235 0.0130275669772733
0.396420959375 0.0131101210254245
0.39766969525 0.0131929366748613
0.398918431125 0.0132760139364398
0.400167167 0.013359352
0.401415761375 0.013442943851639
0.40266435575 0.0135267964678532
0.403912950125 0.0136109106806872
0.4051615445 0.0136952865011644
0.406410138875 0.0137799239403495
0.40765873325 0.0138648230093397
0.408907327625 0.0139499837192654
0.410155922 0.0140354056
0.411404371125 0.0141210801237177
0.41265282025 0.014207015779804
0.413901269375 0.01429321306082
0.4151497185 0.0143796719780696
0.416398167625 0.0144663925428885
0.41764661675 0.0145533747666517
0.418895065875 0.0146406186607662
0.420143515 0.0147281252
0.4213918225 0.0148158815346271
0.42264013 0.0149039004779894
0.4238884375 0.0149921810783065
0.425136745 0.0150807233471557
0.4263850525 0.0151695272961518
0.42763336 0.0152585929369415
0.4288816675 0.0153479202812115
0.430129975 0.0154375089
0.43137812975 0.0155273491164332
0.4326262845 0.0156174505668734
0.43387443925 0.0157078137038216
0.435122594 0.0157984385391305
0.43637074875 0.0158893250846903
0.4376189035 0.0159804733524256
0.43886705825 0.0160718833542965
0.440115213 0.0161635559
0.441363215125 0.0162554773507821
0.44261121725 0.016347661305474
0.443859219375 0.0164401069784708
0.4451072215 0.016532814381903
0.446355223625 0.0166257835279371
0.44760322575 0.016719014428773
0.448851227875 0.0168125070966472
0.45009923 0.0169062614
0.45134707925 0.0170002662500064
0.4525949285 0.0170945326960013
0.45384277775 0.0171890608941885
0.455090627 0.017283850856975
0.45633847625 0.0173789025968034
0.4575863255 0.0174742161261516
0.45883417475 0.0175697914575315
0.460082024 0.0176656283
0.4613297095 0.0177617149487732
0.462577395 0.0178580630651188
0.4638250805 0.0179546729651765
0.465072766 0.0180515446616303
0.4663204515 0.018148678167198
0.467568137 0.0182460734946348
0.4688158225 0.0183437306567296
0.470063508 0.0184416492
0.471311029375 0.0185398176039424
0.47255855075 0.0186382473459226
0.473806072125 0.018736938905171
0.4750535935 0.0188358922946499
0.476301114875 0.0189351075273532
0.47754863625 0.0190345846163122
0.478796157625 0.019134323574594
0.480043679 0.0192343239
0.481291032875 0.0193345736720802
0.48253838675 0.0194350847672666
0.483785740625 0.0195358577140583
0.4850330945 0.0196368925256927
0.486280448375 0.0197381892154418
0.48752780225 0.0198397477966124
0.488775156125 0.0199415682825483
0.49002251 0.0200436525
0.49126969625 0.0201459812511784
0.4925168825 0.0202485736903339
0.49376406875 0.0203514280175758
0.495011255 0.0204545442464168
0.49625844125 0.0205579223904078
0.4975056275 0.0206615624631326
0.49875281375 0.0207654644782114
0.5 0.0208696276
LevelSetWear, written by Inigo Llavori. Lines after the data are not read.
If you use it, please cite I. Llavori, Wear simulation on a fixed mesh with level sets
and immersed frictional contact, submitted for publication. Mondragon Unibertsitatea.
https://github.com/illavori/LevelSetWear       BSD 3-Clause
