1617 8
-1 0.0789202181
-0.998773790875 0.0787130804311742
-0.99754758175 0.0785062053489209
-0.996321372625 0.0782995916262053
-0.9950951635 0.0780932392356473
-0.993868954375 0.077887148149907
-0.99264274525 0.0776813183416811
-0.991416536125 0.0774757497837069
-0.990190327 0.0772704434
-0.988963782625 0.0770653402850039
-0.98773723825 0.07686049943276
-0.986510693875 0.0766559198648933
-0.9852841495 0.0764516015543082
-0.984057605125 0.0762475444739499
-0.98283106075 0.0760437485967991
-0.981604516375 0.0758402138958774
-0.980377972 0.0756369409
-0.979151092375 0.0754338724615264
-0.97792421275 0.0752310658170705
-0.976697333125 0.0750285203840289
-0.9754704535 0.0748262361355891
-0.974243573875 0.0746242130449808
-0.97301669425 0.0744224510854687
-0.971789814625 0.0742209502303579
-0.970562935 0.0740197104
-0.969335712625 0.0738186756163444
-0.96810849025 0.0736179019500973
-0.966881267875 0.0734173894276848
-0.9656540455 0.0732171380225797
-0.964426823125 0.0730171477082928
-0.96319960075 0.0728174184583734
-0.961972378375 0.0726179502464088
-0.960745156 0.0724187446
-0.95951761325 0.0722197449286517
-0.9582900705 0.0720210079064856
-0.95706252775 0.0718225319532442
-0.955834985 0.0716243170426836
-0.95460744225 0.0714263631486007
-0.9533798995 0.0712286702448273
-0.95215235675 0.0710312383052338
-0.950924814 0.0708340657
-0.949696943375 0.070637104654697
-0.94846907275 0.0704404030310615
-0.947241202125 0.070243962406825
-0.9460133315 0.0700477827560277
-0.944785460875 0.0698518640527466
-0.94355759025 0.0696562062710981
-0.942329719625 0.0694608093852365
-0.941101849 0.0692656663
-0.939873650625 0.0690707462153384
-0.93864545225 0.0688760800190495
-0.937417253875 0.0686816747547683
-0.9361890555 0.0684875303968173
-0.934960857125 0.0682936469195576
-0.93373265875 0.0681000242973848
-0.932504460375 0.0679066625047371
-0.931276262 0.0677135614
-0.93004774325 0.0675206710376814
-0.9288192245 0.0673280414483788
-0.92759070575 0.0671356727227455
-0.926362187 0.0669435648353875
-0.92513366825 0.0667517177609458
-0.9239051495 0.0665601314741009
-0.92267663075 0.06636880594957
-0.921448112 0.0661777434
-0.92021928025 0.0659868885069779
-0.9189904485 0.0657962966713841
-0.91776161675 0.0656059656301791
-0.916532785 0.0654158953582469
-0.91530395325 0.0652260858305125
-0.9140751215 0.065036537021939
-0.91284628975 0.0648472489075242
-0.911617458 0.0646582198
-0.910388313375 0.0644694066323019
-0.90915916875 0.064280852554405
-0.907930024125 0.064092559203746
-0.9067008795 0.0639045265554925
-0.905471734875 0.0637167545848518
-0.90424259025 0.063529243267066
-0.903013445625 0.0633419925774152
-0.901784301 0.0631549981
-0.900554843375 0.0629682254666042
-0.89932538575 0.0627817091289016
-0.898095928125 0.0625954534535245
-0.8968664705 0.0624094584159218
-0.895637012875 0.062223723991579
-0.89440755525 0.0620382501560224
-0.893178097625 0.0618530368848109
-0.89194864 0.0616680783
-0.890718877 0.061483346096022
-0.889489114 0.0612988686591658
-0.888259351 0.06111465181867
-0.887029588 0.0609306955502662
-0.885799825 0.0607469998297203
-0.884570062 0.0605635646328375
-0.883340299 0.0603803899354602
-0.882110536 0.0601974753
-0.8808804675 0.0600147765999468
-0.879650399 0.0598323380430825
-0.8784203305 0.0596501600188493
-0.877190262 0.0594682425032573
-0.8759601935 0.0592865854723543
-0.874730125 0.0591051889022252
-0.8735000565 0.0589240527689929
-0.872269988 0.0587431741
-0.8710396215 0.0585625179930398
-0.869809255 0.0583821194289138
-0.8685788885 0.0582019813326893
-0.867348522 0.0580221036806599
-0.8661181555 0.0578424864491529
-0.864887789 0.0576631296145331
-0.8636574225 0.0574840331532034
-0.862427056 0.0573051971
-0.861196398875 0.0571265791055522
-0.85996574175 0.0569482215952029
-0.858735084625 0.0567701244870875
-0.8575044275 0.0565922877577787
-0.856273770375 0.0564147113838827
-0.85504311325 0.0562373953420447
-0.853812456125 0.0560603396089467
-0.852581799 0.0558835407
-0.851350843875 0.0557069662599297
-0.85011988875 0.0555306487236011
-0.848888933625 0.0553545915291362
-0.8476579785 0.0551787946533873
-0.846427023375 0.0550032580732394
-0.84519606825 0.0548279817656177
-0.843965113125 0.0546529657074828
-0.842734158 0.0544782047
-0.84150291225 0.054303673080506
-0.8402716665 0.0541293965886354
-0.83904042075 0.0539553803773147
-0.837809175 0.0537816244236717
-0.83657792925 0.0536081287048757
-0.8353466835 0.0534348931981272
-0.83411543775 0.0532619178806675
-0.832884192 0.0530892004
-0.83165265575 0.0529167070644352
-0.8304211195 0.0527444716430807
-0.82918958325 0.0525724964430836
-0.827958047 0.0524007814418495
-0.82672651075 0.0522293266168239
-0.8254949745 0.0520581319454889
-0.82426343825 0.051887197405363
-0.823031902 0.0517165278
-0.821800090125 0.0515460705183779
-0.82056827825 0.0513758782431548
-0.819336466375 0.0512059461259824
-0.8181046545 0.0510362741445469
-0.816872842625 0.0508668622765729
-0.81564103075 0.0506977104998203
-0.814409218875 0.0505288187920865
-0.813177407 0.0503601906
-0.811945319375 0.0501917778329446
-0.81071323175 0.0500236286537294
-0.809481144125 0.0498557395714876
-0.8082490565 0.0496881105641851
-0.807016968875 0.0495207416098236
-0.80578488125 0.049353632686441
-0.804552793625 0.0491867837721136
-0.803320706 0.0490201925
-0.80208833525 0.0488538276917643
-0.8008559645 0.048687720601551
-0.79962359375 0.0485218735525201
-0.798391223 0.0483562865229121
-0.79715885225 0.0481909594910093
-0.7959264815 0.0480258924351258
-0.79469411075 0.047861085333615
-0.79346174 0.0476965372
-0.792229101 0.0475322151752069
-0.790996462 0.0473681521883451
-0.789763823 0.0472043491827643
-0.788531184 0.0470408061369865
-0.787298545 0.0468775230295666
-0.786065906 0.0467144998391005
-0.784833267 0.0465517365442185
-0.783600628 0.0463892286
-0.782367713375 0.0462269533063902
-0.78113479875 0.0460649334370951
-0.779901884125 0.0459031734944615
-0.7786689695 0.0457416734572869
-0.777436054875 0.045580433304405
-0.77620314025 0.0454194530146887
-0.774970225625 0.045258732567043
-0.773737311 0.0450982739
-0.772504135625 0.0449380372602617
-0.77127096025 0.0447780624690104
-0.770037784875 0.0446183475456969
-0.7688046095 0.0444588924693958
-0.767571434125 0.044299697219218
-0.76633825875 0.0441407617743117
-0.765105083375 0.0439820861138616
-0.763871908 0.0438236696
-0.762638471875 0.0436654806492216
-0.76140503575 0.0435075509134233
-0.760171599625 0.0433498809890072
-0.7589381635 0.043192470855324
-0.757704727375 0.0430353204917644
-0.75647129125 0.0428784298777503
-0.755237855125 0.0427217989927433
-0.754004419 0.042565423
-0.752770714625 0.0424092824045958
-0.75153701025 0.0422533967735124
-0.750303305875 0.0420977709025792
-0.7490696015 0.041942404771425
-0.747835897125 0.0417872983597132
-0.74660219275 0.0416324516471445
-0.745368488375 0.041477864613455
-0.744134784 0.0413235416
-0.74290083375 0.0411694388223012
-0.7416668835 0.0410156001279782
-0.74043293325 0.0408620211353181
-0.739198983 0.040708701824224
-0.73796503275 0.0405556421746374
-0.7367310825 0.040402842166535
-0.73549713225 0.0402503017799285
-0.734263182 0.0400980216
-0.733028978375 0.0399459686025931
-0.73179477475 0.0397941758786713
-0.730560571125 0.039642642803245
-0.7293263675 0.0394913693564973
-0.728092163875 0.0393403555186413
-0.72685796025 0.039189601269932
-0.725623756625 0.039039106590657
-0.724389553 0.0388888706
-0.723155096125 0.0387388651144214
-0.72192063925 0.0385891183847233
-0.720686182375 0.0384396312524666
-0.7194517255 0.038290403698106
-0.718217268625 0.0381414357021335
-0.71698281175 0.0379927272450757
-0.715748354875 0.0378442783074968
-0.714513898 0.0376960886
-0.71327919525 0.0375481294748585
-0.7120444925 0.0374004296444683
-0.71080978975 0.0372529893595219
-0.709575087 0.0371058086007485
-0.70834038425 0.0369588873489164
-0.7071056815 0.0368122255848276
-0.70587097875 0.0366658232893213
-0.704636276 0.0365196829
-0.70340133475 0.0363737688732382
-0.7021663935 0.0362281168147405
-0.70093145225 0.0360827242487494
-0.699696511 0.0359375911562712
-0.69846156975 0.0357927175183468
-0.6972266285 0.0356481033160554
-0.69599168725 0.0355037485305099
-0.694756746 0.0353596535
-0.693521566375 0.0352157893953269
-0.69228638675 0.035072185108227
-0.691051207125 0.034928840262805
-0.6898160275 0.0347857548403416
-0.688580847875 0.0346429288221541
-0.68734566825 0.0345003621895961
-0.686110488625 0.0343580549240539
-0.684875309 0.034216008
-0.683639891 0.0340741910812623
-0.682404473 0.0339326345670621
-0.681169055 0.0337913374458694
-0.679933637 0.0336502996992403
-0.678698219 0.0335095213087664
-0.677462801 0.0333690022560749
-0.676227383 0.0332287425228257
-0.674991965 0.0330887426
-0.673756316 0.0329489748367546
-0.672520667 0.0328094669443955
-0.671285018 0.0326702183954355
-0.670049369 0.0325312291717035
-0.66881372 0.0323924992550655
-0.667578071 0.0322540286274213
-0.666342422 0.032115817270709
-0.665106773 0.0319778685
-0.6638709005 0.0318401474160268
-0.662635028 0.0317026889758854
-0.6613991555 0.0315654898285427
-0.660163283 0.0314285499561038
-0.6589274105 0.0312918693407065
-0.657691538 0.0311554479645269
-0.6564556655 0.0310192858097746
-0.655219793 0.030883382
-0.653983689625 0.0307477137779903
-0.65274758625 0.0306123039623927
-0.651511482875 0.0304771533942452
-0.6502753795 0.0303422620559246
-0.649039276125 0.030207629929845
-0.64780317275 0.0300732569984543
-0.646567069375 0.0299391432442349
-0.645330966 0.0298052867
-0.644094639 0.0296716690519494
-0.642858312 0.0295383086727892
-0.641621985 0.0294052074948414
-0.640385658 0.0292723655007592
-0.639149331 0.0291397826732274
-0.637913004 0.0290074589949665
-0.636676677 0.0288753944487352
-0.63544035 0.0287435901
-0.634203806875 0.0286120197103124
-0.63296726375 0.0284807095743975
-0.631730720625 0.0283496585924681
-0.6304941775 0.0282188667474488
-0.629257634375 0.0280883340222999
-0.62802109125 0.0279580604000147
-0.626784548125 0.0278280458636235
-0.625548005 0.0276982923
-0.624311253375 0.0275687721675979
-0.62307450175 0.027439513061557
-0.621837750125 0.0273105130612334
-0.6206009985 0.0271817721498255
-0.619364246875 0.0270532903105645
-0.61812749525 0.0269250675267187
-0.616890743625 0.0267971037815924
-0.615653992 0.0266693969
-0.61441702425 0.0265419310921038
-0.6131800565 0.0264147222050468
-0.61194308875 0.0262877723807868
-0.610706121 0.026161081602794
-0.60946915325 0.0260346498545729
-0.6082321855 0.025908477119664
-0.60699521775 0.0257825633816431
-0.60575825 0.0256569077
-0.604521073625 0.0255314917035303
-0.60328389725 0.0254063338181174
-0.602046720875 0.0252814349515891
-0.6008095445 0.0251567950876881
-0.599572368125 0.0250324142101928
-0.59833519175 0.0249082923029151
-0.597098015375 0.0247844293497046
-0.595860839 0.0246608228
-0.594623454 0.0245374594632022
-0.593386069 0.0244143525851062
-0.592148684 0.0242915046841334
-0.590911299 0.0241689157442977
-0.589673914 0.0240465857496499
-0.588436529 0.0239245146842739
-0.587199144 0.0238027025322909
-0.585961759 0.0236811497
-0.584724180375 0.0235598359453704
-0.58348660175 0.0234387815598645
-0.582249023125 0.0233179861055914
-0.5810114445 0.0231974495668377
-0.579773865875 0.0230771719279268
-0.57853628725 0.0229571531732136
-0.577298708625 0.0228373932870927
-0.57606113 0.0227178902
-0.574823350125 0.0225986306887354
-0.57358557025 0.0224796280296387
-0.572347790375 0.0223608842612251
-0.5711100105 0.0222423993680536
-0.569872230625 0.0221241733347171
-0.56863445075 0.0220062061458455
-0.567396670875 0.0218884977861018
-0.566158891 0.0217710462
-0.56492091 0.0216538384717087
-0.563682929 0.0215368875706634
-0.562444948 0.0214201955218449
-0.561206967 0.0213037623100831
-0.559968986 0.0211875879202461
-0.558731005 0.0210716723372313
-0.557493024 0.0209560155459743
-0.556255043 0.0208406196
-0.555016883125 0.0207254616609553
-0.55377872325 0.0206105646120127
-0.552540563375 0.0204959263696844
-0.5513024035 0.0203815469190731
-0.550064243625 0.0202674262453169
-0.54882608375 0.0201535643335875
-0.547587923875 0.0200399611690907
-0.546349764 0.019926614
-0.545111403 0.0198135126743226
-0.543873042 0.0197006673986895
-0.542634681 0.0195880808955087
-0.54139632 0.019475753150151
-0.540157959 0.0193636841480256
-0.538919598 0.0192518738745759
-0.537681237 0.0191403223152777
-0.536442876 0.0190290314
-0.535204343625 0.0189179799332635
-0.53396581125 0.0188071891532706
-0.532727278875 0.0186966571012777
-0.5314887465 0.0185863837629299
-0.530250214125 0.0184763691239045
-0.52901168175 0.0183666131699161
-0.527773149375 0.0182571158867146
-0.526534617 0.0181478754
-0.525295898375 0.0180388809069205
-0.52405717975 0.0179301432597869
-0.522818461125 0.0178216643045621
-0.5215797425 0.0177134440271622
-0.520341023875 0.0176054824135354
-0.51910230525 0.0174977794496689
-0.517863586625 0.0173903351215801
-0.516624868 0.017283148
-0.5153859705 0.0171762068950398
-0.514147073 0.0170695230434861
-0.5129081755 0.0169630978468147
-0.511669278 0.0168569312912092
-0.5104303805 0.0167510233628922
-0.509191483 0.0166453740481183
-0.5079525855 0.0165399833331774
-0.506713688 0.0164348491
-0.5054746155 0.016329962852514
-0.504235543 0.0162253331325912
-0.5029964705 0.0161209620310476
-0.501757398 0.0160168495343402
-0.5005183255 0.0159129956289581
-0.499279253 0.0158094003014284
-0.4980401805 0.0157060635383104
-0.496801108 0.0156029844
-0.495561867875 0.0155001517594933
-0.49432262775 0.0153975767870369
-0.493083387625 0.0152952603955221
-0.4918441475 0.0151932025716759
-0.490604907375 0.0150914033022573
-0.48936566725 0.0149898625740637
-0.488126427125 0.0148885803739258
-0.486887187 0.0147875556
-0.4856477755 0.0146867775883264
-0.484408364 0.0145862570481929
-0.4831689525 0.0144859950552707
-0.481929541 0.0143859915965541
-0.4806901295 0.0142862466590765
-0.479450718 0.0141867602299026
-0.4782113065 0.0140875322961334
-0.476971895 0.0139885646
-0.47573232325 0.0138898391172271
-0.4744927515 0.0137913739132989
-0.47325317975 0.0136931672203513
-0.472013608 0.0135952190256496
-0.47077403625 0.0134975293164947
-0.4695344645 0.013400098080222
-0.46829489275 0.0133029253042025
-0.467055321 0.0132060115
-0.465815589 0.0131093426037472
-0.464575857 0.0130129327210415
-0.463336125 0.0129167813152264
-0.462096393 0.0128208883738372
-0.460856661 0.0127252538844447
-0.459616929 0.0126298778346543
-0.458377197 0.0125347602121062
-0.457137465 0.0124399
-0.455897573 0.0123452880069443
-0.454657681 0.0122509334664809
-0.453417789 0.0121568373708518
-0.452177897 0.0120629997078652
-0.450938005 0.0119694204653591
-0.449698113 0.0118760996312108
-0.448458221 0.0117830371933261
-0.447218329 0.0116902337
-0.445978287875 0.0115976763429915
-0.44473824675 0.01150537796868
-0.443498205625 0.011413338004755
-0.4422581645 0.0113215564392926
-0.441018123375 0.0112300332604036
-0.43977808225 0.011138768456231
-0.438538041125 0.0110477620149529
-0.437298 0.0109570128
-0.436057806125 0.0108665130432257
-0.43481761225 0.0107762705529462
-0.433577418375 0.0106862864422572
-0.4323372245 0.0105965606995015
-0.431097030625 0.01050709331306
-0.42985683675 0.0104178842713436
-0.428616642875 0.0103289335628007
-0.427376449 0.0102402408
-0.426136106125 0.0101517964900211
-0.42489576325 0.0100636101649165
-0.423655420375 0.00997568218917966
-0.4224150775 0.00988801255142135
-0.421174734625 0.00980060124029336
-0.41993439175 0.00971344824447407
-0.418694048875 0.00962655355268094
-0.417453706 0.0095399179
-0.416213221625 0.00945352919680875
-0.41497273725 0.00936739956926136
-0.413732252875 0.00928152825987194
-0.4124917685 0.00919591525752139
-0.411251284125 0.00911056055112702
-0.41001079975 0.00902546412964078
-0.408770315375 0.0089406259820457
-0.407529831 0.0088560468
-0.40628920875 0.00877171510697394
-0.4050485865 0.00868764241504394
-0.40380796425 0.00860382801069015
-0.402567342 0.00852027188306081
-0.40132671975 0.00843697402134591
-0.4000860975 0.00835393441476118
-0.39884547525 0.00827115305256143
-0.397604853 0.0081886294
-0.396364089125 0.00810635564217588
-0.39512332525 0.0080243396316213
-0.393882561375 0.00794258188175778
-0.3926417975 0.00786108238200534
-0.391401033625 0.00777984112181862
-0.39016026975 0.00769885809068338
-0.388919505875 0.00761813327812355
-0.387678742 0.0075376675
-0.386437851625 0.00745745010263388
-0.38519696125 0.00737749177156566
-0.383956070875 0.00729779167014399
-0.3827151805 0.00721834978805802
-0.381474290125 0.00713916611502796
-0.38023339975 0.00706024064081312
-0.378992509375 0.00698157335520211
-0.377751619 0.006903163
-0.376510594375 0.00682500486806159
-0.37526956975 0.00674710370214449
-0.374028545125 0.00666946074019137
-0.3727875205 0.00659207597215694
-0.371546495875 0.00651494938803321
-0.37030547125 0.00643808097784504
-0.369064446625 0.00636147073165017
-0.367823422 0.0062851178
-0.36658227075 0.00620901694075027
-0.3653411195 0.00613317342900999
-0.36409996825 0.00605758809451018
-0.362858817 0.00598226092747645
-0.36161766575 0.00590719191816813
-0.3603765145 0.00583238105687744
-0.35913536325 0.00575782833393124
-0.357894212 0.0056835337
-0.356652937875 0.00560948994765198
-0.35541166375 0.00553570431624895
-0.354170389625 0.0054621768359393
-0.3529291155 0.00538890749721688
-0.351687841375 0.00531589629060747
-0.35044656725 0.00524314320667152
-0.349205293125 0.00517064823600499
-0.347964019 0.0050984117
-0.3467226255 0.00502642568713974
-0.345481232 0.00495469813994109
-0.3442398385 0.00488322871836733
-0.342998445 0.00481201741317783
-0.3417570515 0.0047410642151684
-0.340515658 0.00467036911516594
-0.3392742645 0.00459993210403464
-0.338032871 0.00452975359
-0.33679136225 0.00445982583258253
-0.3355498535 0.00439015660207343
-0.33430834475 0.00432074547213634
-0.333066836 0.00425159243380069
-0.33182532725 0.00418269747812872
-0.3305838185 0.00411406059621555
-0.32934230975 0.00404568177919273
-0.328100801 0.00397756126
-0.32685918025 0.00390969219405779
-0.3256175595 0.00384208145493314
-0.32437593875 0.00377472879211016
-0.323134318 0.00370763419688647
-0.32189269725 0.00364079766059078
-0.3206510765 0.00357421917458822
-0.31940945575 0.00350789873027679
-0.318167835 0.00344183657
-0.316926102625 0.00337602602809106
-0.31568437025 0.00331047379957639
-0.314442637875 0.00324517962507009
-0.3132009055 0.00318014349613627
-0.311959173125 0.00311536540437363
-0.31071744075 0.00305084534141198
-0.309475708375 0.00298658329891666
-0.308233976 0.00292258047
-0.306992139375 0.00285882790116876
-0.30575030275 0.00279533457273473
-0.304508466125 0.00273209927508322
-0.3032666295 0.00266912200004565
-0.302024792875 0.00260640273948543
-0.30078295625 0.00254394148530235
-0.299541119625 0.00248173822942732
-0.298299283 0.0024197934
-0.29705734575 0.00235810069248643
-0.2958154085 0.00229666643725945
-0.29457347125 0.00223549019021441
-0.293331534 0.00217457194344739
-0.29208959675 0.00211391168909181
-0.2908476595 0.00205350941931304
-0.28960572225 0.0019933651263111
-0.288363785 0.00193347864
-0.287121747125 0.00187384561880855
-0.28587970925 0.00181447043067617
-0.284637671375 0.00175535323025411
-0.2833956335 0.00169649400990757
-0.282153595625 0.00163789276203641
-0.28091155775 0.00157954947907335
-0.279669519875 0.00152146415348486
-0.278427482 0.00146363664
-0.27718534725 0.00140606286429357
-0.2759432125 0.0013487469260296
-0.27470107775 0.00129168895557719
-0.273458943 0.00123488894557067
-0.27221680825 0.00117834688867458
-0.2709746735 0.00112206277759075
-0.26973253875 0.00106603660505122
-0.268490404 0.00101026835
-0.267248176125 0.000954753894673921
-0.26600594825 0.000899497381144698
-0.264763720375 0.000844498816102046
-0.2635214925 0.000789758192446754
-0.262279264625 0.000735275503110699
-0.26103703675 0.000681050741062172
-0.259794808875 0.000627083899300551
-0.258552581 0.00057337562
-0.2573102675 0.000519920273395869
-0.256067954 0.000466723510974099
-0.2548256405 0.000413784676729811
-0.253583327 0.000361103763829362
-0.2523410135 0.000308680765472857
-0.2510987 0.000256515674894153
-0.2498563865 0.000204608485360858
-0.248614073 0.00015295891
-0.247371671875 0.000101564166931745
-0.24612927075 5.04270611187962e-05
-0.244886869625 -4.52133866346571e-07
-0.2436444685 -5.10734245917632e-05
-0.242402067375 -0.000101436817589118
-0.24115966625 -0.000151542319358988
-0.239917265125 -0.000201389936366425
-0.238674864 -0.00025097944
-0.237432381 -0.00030031478429482
-0.236189898 -0.000349391993993642
-0.234947415 -0.000398211310472796
-0.233704932 -0.000446772740033019
-0.232462449 -0.000495076288939522
-0.231219966 -0.000543121963427318
-0.229977483 -0.000590909769694115
-0.228735 -0.00063843943
-0.22749243875 -0.000685714771211821
-0.2262498775 -0.000732731946215814
-0.22500731625 -0.000779491244984776
-0.223764755 -0.000825992673552101
-0.22252219375 -0.000872236237917434
-0.2212796325 -0.000918221944046671
-0.22003707125 -0.000963949797873731
-0.21879451 -0.00100941967
-0.21755187425 -0.00105463467523048
-0.2163092385 -0.00109959167953999
-0.21506660275 -0.00114429082402712
-0.213823967 -0.00118873211445703
-0.21258133125 -0.00123291555656468
-0.2113386955 -0.00127684115604776
-0.21009605975 -0.00132050891857549
-0.208853424 -0.00136391876
-0.2076107155 -0.00140707347404589
-0.206368007 -0.00144997024796734
-0.2051252985 -0.00149260917707483
-0.20388259 -0.00153499026686976
-0.2026398815 -0.00157711352281886
-0.201397173 -0.00161897895035512
-0.2001544645 -0.00166058655487955
-0.198911756 -0.00170193624
-0.197668980625 -0.00174303052070712
-0.19642620525 -0.00178386686489507
-0.195183429875 -0.00182444537959014
-0.1939406545 -0.00186476607002639
-0.192697879125 -0.00190482894140409
-0.19145510375 -0.00194463399888978
-0.190212328375 -0.00198418124761801
-0.188969553 -0.00202347093
-0.187726710375 -0.00206250444430367
-0.18648386775 -0.00210128037446111
-0.185241025125 -0.00213979848816237
-0.1839981825 -0.00217805879037591
-0.182755339875 -0.0022160612860338
-0.18151249725 -0.00225380598003966
-0.180269654625 -0.00229129287725893
-0.179026812 -0.00232852192
-0.177783909875 -0.00236549506444117
-0.17654100775 -0.00240221033929089
-0.175298105625 -0.00243866781180913
-0.1740552035 -0.00247486748669701
-0.172812301375 -0.0025108093686228
-0.17156939925 -0.00254649346222191
-0.170326497125 -0.0025819197720951
-0.169083595 -0.00261708826
-0.16784063325 -0.00265200072747085
-0.1665976715 -0.00268665535727841
-0.16535470975 -0.00272105219670049
-0.164111748 -0.00275519125017176
-0.16286878625 -0.00278907252209493
-0.1616258245 -0.00282269601683804
-0.16038286275 -0.0028560617387372
-0.159139901 -0.00288916949
-0.15789688525 -0.00292202130273989
-0.1566538695 -0.00295461513095052
-0.15541085375 -0.00298695118092951
-0.154167838 -0.0030190294568424
-0.15292482225 -0.00305084996282812
-0.1516818065 -0.00308241270298826
-0.15043879075 -0.00311371768139068
-0.149195775 -0.0031447648
-0.147952709 -0.00317555560851801
-0.146709643 -0.00320608854437499
-0.145466577 -0.00323636371357949
-0.144223511 -0.00326638112003419
-0.142980445 -0.00329614076760976
-0.141737379 -0.00332564266014224
-0.140494313 -0.00335488680143481
-0.139251247 -0.00338387326
-0.1380081325 -0.00341260296120893
-0.136765018 -0.00344107496701707
-0.1355219035 -0.00346928921635214
-0.134278789 -0.00349724571285392
-0.1330356745 -0.00352494446012397
-0.13179256 -0.00355238546173275
-0.1305494455 -0.00357956872121878
-0.129306331 -0.00360649428
-0.128063170875 -0.00363316300183847
-0.12682001075 -0.00365957401096129
-0.125576850625 -0.00368572727285876
-0.1243336905 -0.00371162279090154
-0.123090530375 -0.00373726056842738
-0.12184737025 -0.00376264060874121
-0.120604210125 -0.00378776291511418
-0.11936105 -0.0038126274
-0.118117849875 -0.00383723512656342
-0.11687464975 -0.00386158502142919
-0.115631449625 -0.00388567717852251
-0.1143882495 -0.00390951160094843
-0.113145049375 -0.0039330882917783
-0.11190184925 -0.00395640725405055
-0.110658649125 -0.00397946849077169
-0.109415449 -0.004002271914
-0.108172211625 -0.0040248184710947
-0.10692897425 -0.00404710720509627
-0.105685736875 -0.00406913820979238
-0.1044424995 -0.00409091148802254
-0.103199262125 -0.00411242704259163
-0.10195602475 -0.00413368487627341
-0.100712787375 -0.00415468499180793
-0.09946955 -0.004175427423
-0.098226278125 -0.00419591264410268
-0.09698300625 -0.00421614017187366
-0.095739734375 -0.00423610997781942
-0.0944964625 -0.00425582206451569
-0.093253190625 -0.00427527643450087
-0.09200991875 -0.00429447309028319
-0.090766646875 -0.00431341203433622
-0.089523375 -0.004332093284
-0.0882800724 -0.00435051724910096
-0.0870367698 -0.00436868351185637
-0.0857934672 -0.00438659205970815
-0.0845501646 -0.00440424289496555
-0.083306862 -0.00442163601990142
-0.0820635594 -0.00443877143675842
-0.0808202568 -0.00445564914774366
-0.0795769542 -0.004472269206
-0.0783336236625 -0.0044886318255406
-0.077090293125 -0.00450473678502039
-0.0758469625875 -0.00452058403554823
-0.07460363205 -0.00453617357916603
-0.0733603015125 -0.00455150541788374
-0.072116970975 -0.00456657955367579
-0.0708736404375 -0.00458139598848462
-0.0696303099 -0.004595954694
-0.0683869560875 -0.00461025602805964
-0.067143602275 -0.00462429962689725
-0.0659002484625 -0.00463808552254097
-0.06465689465 -0.00465161371676803
-0.0634135408375 -0.00466488421132194
-0.062170187025 -0.00467789700791155
-0.0609268332125 -0.00469065210821462
-0.0596834794 -0.004703149515
-0.0584401050875 -0.00471538942618199
-0.057196730775 -0.00472737163853587
-0.0559533564625 -0.00473909615248047
-0.05470998215 -0.00475056296952658
-0.0534666078375 -0.00476177209115125
-0.052223233525 -0.00477272351879954
-0.0509798592125 -0.00478341725388276
-0.0497364849 -0.004793853305
-0.0484930933625 -0.00480403179104982
-0.047249701825 -0.00481395258865103
-0.0460063102875 -0.0048236156918593
-0.04476291875 -0.00483302110191897
-0.0435195272125 -0.00484216882004329
-0.042276135675 -0.00485105884740999
-0.0410327441375 -0.00485969118516483
-0.0397893526 -0.004868065846
-0.0385459470875 -0.00487618288603731
-0.037302541575 -0.00488404224548677
-0.0360591360625 -0.0048916439137825
-0.03481573055 -0.00489898789190146
-0.0335723250375 -0.00490607418079314
-0.032328919525 -0.0049129027813688
-0.0310855140125 -0.00491947369450774
-0.0298421085 -0.0049257869204
-0.028598692975 -0.00493184250955636
-0.02735527745 -0.00493764040890898
-0.026111861925 -0.00494318061986387
-0.0248684464 -0.00494846314313335
-0.023625030875 -0.00495348797939865
-0.02238161535 -0.00495825512930725
-0.021138199825 -0.00496276459347378
-0.0198947843 -0.0049670163706
-0.01865136202875 -0.00497101048784021
-0.0174079397575 -0.00497474691630639
-0.01616451748625 -0.00497822565835992
-0.014921095215 -0.00498144671444667
-0.01367767294375 -0.00498441008498318
-0.0124342506725 -0.00498711577035049
-0.01119082840125 -0.00498956377089765
-0.00994740613 -0.0049917540872
-0.00870398036375 -0.00499368672383049
-0.0074605545975 -0.00499536167529868
-0.00621712883125 -0.00499677894156036
-0.004973703065 -0.00499793852279762
-0.00373027729875 -0.00499884041916054
-0.0024868515325 -0.00499948463076549
-0.00124342576625 -0.00499987115769596
0 -0.005
0.00124342576625 -0.00499987115769596
0.0024868515325 -0.00499948463076549
0.00373027729875 -0.00499884041916054
0.004973703065 -0.00499793852279762
0.00621712883125 -0.00499677894156036
0.0074605545975 -0.00499536167529868
0.00870398036375 -0.00499368672383049
0.00994740613 -0.0049917540872
0.01119082840125 -0.00498956377089765
0.0124342506725 -0.00498711577035049
0.01367767294375 -0.00498441008498318
0.014921095215 -0.00498144671444667
0.01616451748625 -0.00497822565835992
0.0174079397575 -0.00497474691630639
0.01865136202875 -0.00497101048784021
0.0198947843 -0.0049670163706
0.021138199825 -0.00496276459347378
0.02238161535 -0.00495825512930725
0.023625030875 -0.00495348797939865
0.0248684464 -0.00494846314313335
0.026111861925 -0.00494318061986387
0.02735527745 -0.00493764040890898
0.028598692975 -0.00493184250955636
0.0298421085 -0.0049257869204
0.0310855140125 -0.00491947369450774
0.032328919525 -0.0049129027813688
0.0335723250375 -0.00490607418079314
0.03481573055 -0.00489898789190146
0.0360591360625 -0.0048916439137825
0.037302541575 -0.00488404224548677
0.0385459470875 -0.00487618288603731
0.0397893526 -0.004868065846
0.0410327441375 -0.00485969118516483
0.042276135675 -0.00485105884740999
0.0435195272125 -0.00484216882004329
0.04476291875 -0.00483302110191897
0.0460063102875 -0.0048236156918593
0.047249701825 -0.00481395258865103
0.0484930933625 -0.00480403179104982
0.0497364849 -0.004793853305
0.0509798592125 -0.00478341725388276
0.052223233525 -0.00477272351879954
0.0534666078375 -0.00476177209115125
0.05470998215 -0.00475056296952658
0.0559533564625 -0.00473909615248047
0.057196730775 -0.00472737163853587
0.0584401050875 -0.00471538942618199
0.0596834794 -0.004703149515
0.0609268332125 -0.00469065210821462
0.062170187025 -0.00467789700791155
0.0634135408375 -0.00466488421132194
0.06465689465 -0.00465161371676803
0.0659002484625 -0.00463808552254097
0.067143602275 -0.00462429962689725
0.0683869560875 -0.00461025602805964
0.0696303099 -0.004595954694
0.0708736404375 -0.00458139598848462
0.072116970975 -0.00456657955367579
0.0733603015125 -0.00455150541788374
0.07460363205 -0.00453617357916603
0.0758469625875 -0.00452058403554823
0.077090293125 -0.00450473678502039
0.0783336236625 -0.0044886318255406
0.0795769542 -0.004472269206
0.0808202568 -0.00445564914774366
0.0820635594 -0.00443877143675842
0.083306862 -0.00442163601990142
0.0845501646 -0.00440424289496555
0.0857934672 -0.00438659205970815
0.0870367698 -0.00436868351185637
0.0882800724 -0.00435051724910096
0.089523375 -0.004332093284
0.090766646875 -0.00431341203433622
0.09200991875 -0.00429447309028319
0.093253190625 -0.00427527643450087
0.0944964625 -0.00425582206451569
0.095739734375 -0.00423610997781942
0.09698300625 -0.00421614017187366
0.098226278125 -0.00419591264410268
0.09946955 -0.004175427423
0.100712787375 -0.00415468499180793
0.10195602475 -0.00413368487627341
0.103199262125 -0.00411242704259163
0.1044424995 -0.00409091148802254
0.105685736875 -0.00406913820979238
0.10692897425 -0.00404710720509627
0.108172211625 -0.0040248184710947
0.109415449 -0.004002271914
0.110658649125 -0.00397946849077169
0.11190184925 -0.00395640725405055
0.113145049375 -0.0039330882917783
0.1143882495 -0.00390951160094843
0.115631449625 -0.00388567717852251
0.11687464975 -0.00386158502142919
0.118117849875 -0.00383723512656342
0.11936105 -0.0038126274
0.120604210125 -0.00378776291511418
0.12184737025 -0.00376264060874121
0.123090530375 -0.00373726056842738
0.1243336905 -0.00371162279090154
0.125576850625 -0.00368572727285876
0.12682001075 -0.00365957401096129
0.128063170875 -0.00363316300183847
0.129306331 -0.00360649428
0.1305494455 -0.00357956872121878
0.13179256 -0.00355238546173275
0.1330356745 -0.00352494446012397
0.134278789 -0.00349724571285392
0.1355219035 -0.00346928921635214
0.136765018 -0.00344107496701707
0.1380081325 -0.00341260296120893
0.139251247 -0.00338387326
0.140494313 -0.00335488680143481
0.141737379 -0.00332564266014224
0.142980445 -0.00329614076760976
0.144223511 -0.00326638112003419
0.145466577 -0.00323636371357949
0.146709643 -0.00320608854437499
0.147952709 -0.00317555560851801
0.149195775 -0.0031447648
0.15043879075 -0.00311371768139068
0.1516818065 -0.00308241270298826
0.15292482225 -0.00305084996282812
0.154167838 -0.0030190294568424
0.15541085375 -0.00298695118092951
0.1566538695 -0.00295461513095052
0.15789688525 -0.00292202130273989
0.159139901 -0.00288916949
0.16038286275 -0.0028560617387372
0.1616258245 -0.00282269601683804
0.16286878625 -0.00278907252209493
0.164111748 -0.00275519125017176
0.16535470975 -0.00272105219670049
0.1665976715 -0.00268665535727841
0.16784063325 -0.00265200072747085
0.169083595 -0.00261708826
0.170326497125 -0.0025819197720951
0.17156939925 -0.00254649346222191
0.172812301375 -0.0025108093686228
0.1740552035 -0.00247486748669701
0.175298105625 -0.00243866781180913
0.17654100775 -0.00240221033929089
0.177783909875 -0.00236549506444117
0.179026812 -0.00232852192
0.180269654625 -0.00229129287725893
0.18151249725 -0.00225380598003966
0.182755339875 -0.0022160612860338
0.1839981825 -0.00217805879037591
0.185241025125 -0.00213979848816237
0.18648386775 -0.00210128037446111
0.187726710375 -0.00206250444430367
0.188969553 -0.00202347093
0.190212328375 -0.00198418124761801
0.19145510375 -0.00194463399888978
0.192697879125 -0.00190482894140409
0.1939406545 -0.00186476607002639
0.195183429875 -0.00182444537959014
0.19642620525 -0.00178386686489507
0.197668980625 -0.00174303052070712
0.198911756 -0.00170193624
0.2001544645 -0.00166058655487955
0.201397173 -0.00161897895035512
0.2026398815 -0.00157711352281886
0.20388259 -0.00153499026686976
0.2051252985 -0.00149260917707483
0.206368007 -0.00144997024796734
0.2076107155 -0.00140707347404589
0.208853424 -0.00136391876
0.21009605975 -0.00132050891857549
0.2113386955 -0.00127684115604776
0.21258133125 -0.00123291555656468
0.213823967 -0.00118873211445703
0.21506660275 -0.00114429082402712
0.2163092385 -0.00109959167953999
0.21755187425 -0.00105463467523048
0.21879451 -0.00100941967
0.22003707125 -0.000963949797873731
0.2212796325 -0.000918221944046671
0.22252219375 -0.000872236237917434
0.223764755 -0.000825992673552101
0.22500731625 -0.000779491244984776
0.2262498775 -0.000732731946215814
0.22749243875 -0.000685714771211821
0.228735 -0.00063843943
0.229977483 -0.000590909769694115
0.231219966 -0.000543121963427318
0.232462449 -0.000495076288939522
0.233704932 -0.000446772740033019
0.234947415 -0.000398211310472796
0.236189898 -0.000349391993993642
0.237432381 -0.00030031478429482
0.238674864 -0.00025097944
0.239917265125 -0.000201389936366425
0.24115966625 -0.000151542319358988
0.242402067375 -0.000101436817589118
0.2436444685 -5.10734245917632e-05
0.244886869625 -4.52133866346571e-07
0.24612927075 5.04270611187962e-05
0.247371671875 0.000101564166931745
0.248614073 0.00015295891
0.2498563865 0.000204608485360858
0.2510987 0.000256515674894153
0.2523410135 0.000308680765472857
0.253583327 0.000361103763829362
0.2548256405 0.000413784676729811
0.256067954 0.000466723510974099
0.2573102675 0.000519920273395869
0.258552581 0.00057337562
0.259794808875 0.000627083899300551
0.26103703675 0.000681050741062172
0.262279264625 0.000735275503110699
0.2635214925 0.000789758192446754
0.264763720375 0.000844498816102046
0.26600594825 0.000899497381144698
0.267248176125 0.000954753894673921
0.268490404 0.00101026835
0.26973253875 0.00106603660505122
0.2709746735 0.00112206277759075
0.27221680825 0.00117834688867458
0.273458943 0.00123488894557067
0.27470107775 0.00129168895557719
0.2759432125 0.0013487469260296
0.27718534725 0.00140606286429357
0.278427482 0.00146363664
0.279669519875 0.00152146415348486
0.28091155775 0.00157954947907335
0.282153595625 0.00163789276203641
0.2833956335 0.00169649400990757
0.284637671375 0.00175535323025411
0.28587970925 0.00181447043067617
0.287121747125 0.00187384561880855
0.288363785 0.00193347864
0.28960572225 0.0019933651263111
0.2908476595 0.00205350941931304
0.29208959675 0.00211391168909181
0.293331534 0.00217457194344739
0.29457347125 0.00223549019021441
0.2958154085 0.00229666643725945
0.29705734575 0.00235810069248643
0.298299283 0.0024197934
0.299541119625 0.00248173822942732
0.30078295625 0.00254394148530235
0.302024792875 0.00260640273948543
0.3032666295 0.00266912200004565
0.304508466125 0.00273209927508322
0.30575030275 0.00279533457273473
0.306992139375 0.00285882790116876
0.308233976 0.00292258047
0.309475708375 0.00298658329891666
0.31071744075 0.00305084534141198
0.311959173125 0.00311536540437363
0.3132009055 0.00318014349613627
0.314442637875 0.00324517962507009
0.31568437025 0.00331047379957639
0.316926102625 0.00337602602809106
0.318167835 0.00344183657
0.31940945575 0.00350789873027679
0.3206510765 0.00357421917458822
0.32189269725 0.00364079766059078
0.323134318 0.00370763419688647
0.32437593875 0.00377472879211016
0.3256175595 0.00384208145493314
0.32685918025 0.00390969219405779
0.328100801 0.00397756126
0.32934230975 0.00404568177919273
0.3305838185 0.00411406059621555
0.33182532725 0.00418269747812872
0.333066836 0.00425159243380069
0.33430834475 0.00432074547213634
0.3355498535 0.00439015660207343
0.33679136225 0.00445982583258253
0.338032871 0.00452975359
0.3392742645 0.00459993210403464
0.340515658 0.00467036911516594
0.3417570515 0.0047410642151684
0.342998445 0.00481201741317783
0.3442398385 0.00488322871836733
0.345481232 0.00495469813994109
0.3467226255 0.00502642568713974
0.347964019 0.0050984117
0.349205293125 0.00517064823600499
0.35044656725 0.00524314320667152
0.351687841375 0.00531589629060747
0.3529291155 0.00538890749721688
0.354170389625 0.0054621768359393
0.35541166375 0.00553570431624895
0.356652937875 0.00560948994765198
0.357894212 0.0056835337
0.35913536325 0.00575782833393124
0.3603765145 0.00583238105687744
0.36161766575 0.00590719191816813
0.362858817 0.00598226092747645
0.36409996825 0.00605758809451018
0.3653411195 0.00613317342900999
0.36658227075 0.00620901694075027
0.367823422 0.0062851178
0.369064446625 0.00636147073165017
0.37030547125 0.00643808097784504
0.371546495875 0.00651494938803321
0.3727875205 0.00659207597215694
0.374028545125 0.00666946074019137
0.37526956975 0.00674710370214449
0.376510594375 0.00682500486806159
0.377751619 0.006903163
0.378992509375 0.00698157335520211
0.38023339975 0.00706024064081312
0.381474290125 0.00713916611502796
0.3827151805 0.00721834978805802
0.383956070875 0.00729779167014399
0.38519696125 0.00737749177156566
0.386437851625 0.00745745010263388
0.387678742 0.0075376675
0.388919505875 0.00761813327812355
0.39016026975 0.00769885809068338
0.391401033625 0.00777984112181862
0.3926417975 0.00786108238200534
0.393882561375 0.00794258188175778
0.39512332525 0.0080243396316213
0.396364089125 0.00810635564217588
0.397604853 0.0081886294
0.39884547525 0.00827115305256143
0.4000860975 0.00835393441476118
0.40132671975 0.00843697402134591
0.402567342 0.00852027188306081
0.40380796425 0.00860382801069015
0.4050485865 0.00868764241504394
0.40628920875 0.00877171510697394
0.407529831 0.0088560468
0.408770315375 0.0089406259820457
0.41001079975 0.00902546412964078
0.411251284125 0.00911056055112702
0.4124917685 0.00919591525752139
0.413732252875 0.00928152825987194
0.41497273725 0.00936739956926136
0.416213221625 0.00945352919680875
0.417453706 0.0095399179
0.418694048875 0.00962655355268094
0.41993439175 0.00971344824447407
0.421174734625 0.00980060124029336
0.4224150775 0.00988801255142135
0.423655420375 0.00997568218917966
0.42489576325 0.0100636101649165
0.426136106125 0.0101517964900211
0.427376449 0.0102402408
0.428616642875 0.0103289335628007
0.42985683675 0.0104178842713436
0.431097030625 0.01050709331306
0.4323372245 0.0105965606995015
0.433577418375 0.0106862864422572
0.43481761225 0.0107762705529462
0.436057806125 0.0108665130432257
0.437298 0.0109570128
0.438538041125 0.0110477620149529
0.43977808225 0.011138768456231
0.441018123375 0.0112300332604036
0.4422581645 0.0113215564392926
0.443498205625 0.011413338004755
0.44473824675 0.01150537796868
0.445978287875 0.0115976763429915
0.447218329 0.0116902337
0.448458221 0.0117830371933261
0.449698113 0.0118760996312108
0.450938005 0.0119694204653591
0.452177897 0.0120629997078652
0.453417789 0.0121568373708518
0.454657681 0.0122509334664809
0.455897573 0.0123452880069443
0.457137465 0.0124399
0.458377197 0.0125347602121062
0.459616929 0.0126298778346543
0.460856661 0.0127252538844447
0.462096393 0.0128208883738372
0.463336125 0.0129167813152264
0.464575857 0.0130129327210415
0.465815589 0.0131093426037472
0.467055321 0.0132060115
0.46829489275 0.0133029253042025
0.4695344645 0.013400098080222
0.47077403625 0.0134975293164947
0.472013608 0.0135952190256496
0.47325317975 0.0136931672203513
0.4744927515 0.0137913739132989
0.47573232325 0.0138898391172271
0.476971895 0.0139885646
0.4782113065 0.0140875322961334
0.479450718 0.0141867602299026
0.4806901295 0.0142862466590765
0.481929541 0.0143859915965541
0.4831689525 0.0144859950552707
0.484408364 0.0145862570481929
0.4856477755 0.0146867775883264
0.486887187 0.0147875556
0.488126427125 0.0148885803739258
0.48936566725 0.0149898625740637
0.490604907375 0.0150914033022573
0.4918441475 0.0151932025716759
0.493083387625 0.0152952603955221
0.49432262775 0.0153975767870369
0.495561867875 0.0155001517594933
0.496801108 0.0156029844
0.4980401805 0.0157060635383104
0.499279253 0.0158094003014284
0.5005183255 0.0159129956289581
0.501757398 0.0160168495343402
0.5029964705 0.0161209620310476
0.504235543 0.0162253331325912
0.5054746155 0.016329962852514
0.506713688 0.0164348491
0.5079525855 0.0165399833331774
0.509191483 0.0166453740481183
0.5104303805 0.0167510233628922
0.511669278 0.0168569312912092
0.5129081755 0.0169630978468147
0.514147073 0.0170695230434861
0.5153859705 0.0171762068950398
0.516624868 0.017283148
0.517863586625 0.0173903351215801
0.51910230525 0.0174977794496689
0.520341023875 0.0176054824135354
0.5215797425 0.0177134440271622
0.522818461125 0.0178216643045621
0.52405717975 0.0179301432597869
0.525295898375 0.0180388809069205
0.526534617 0.0181478754
0.527773149375 0.0182571158867146
0.52901168175 0.0183666131699161
0.530250214125 0.0184763691239045
0.5314887465 0.0185863837629299
0.532727278875 0.0186966571012777
0.53396581125 0.0188071891532706
0.535204343625 0.0189179799332635
0.536442876 0.0190290314
0.537681237 0.0191403223152777
0.538919598 0.0192518738745759
0.540157959 0.0193636841480256
0.54139632 0.019475753150151
0.542634681 0.0195880808955087
0.543873042 0.0197006673986895
0.545111403 0.0198135126743226
0.546349764 0.019926614
0.547587923875 0.0200399611690907
0.54882608375 0.0201535643335875
0.550064243625 0.0202674262453169
0.5513024035 0.0203815469190731
0.552540563375 0.0204959263696844
0.55377872325 0.0206105646120127
0.555016883125 0.0207254616609553
0.556255043 0.0208406196
0.557493024 0.0209560155459743
0.558731005 0.0210716723372313
0.559968986 0.0211875879202461
0.561206967 0.0213037623100831
0.562444948 0.0214201955218449
0.563682929 0.0215368875706634
0.56492091 0.0216538384717087
0.566158891 0.0217710462
0.567396670875 0.0218884977861018
0.56863445075 0.0220062061458455
0.569872230625 0.0221241733347171
0.5711100105 0.0222423993680536
0.572347790375 0.0223608842612251
0.57358557025 0.0224796280296387
0.574823350125 0.0225986306887354
0.57606113 0.0227178902
0.577298708625 0.0228373932870927
0.57853628725 0.0229571531732136
0.579773865875 0.0230771719279268
0.5810114445 0.0231974495668377
0.582249023125 0.0233179861055914
0.58348660175 0.0234387815598645
0.584724180375 0.0235598359453704
0.585961759 0.0236811497
0.587199144 0.0238027025322909
0.588436529 0.0239245146842739
0.589673914 0.0240465857496499
0.590911299 0.0241689157442977
0.592148684 0.0242915046841334
0.593386069 0.0244143525851062
0.594623454 0.0245374594632022
0.595860839 0.0246608228
0.597098015375 0.0247844293497046
0.59833519175 0.0249082923029151
0.599572368125 0.0250324142101928
0.6008095445 0.0251567950876881
0.602046720875 0.0252814349515891
0.60328389725 0.0254063338181174
0.604521073625 0.0255314917035303
0.60575825 0.0256569077
0.60699521775 0.0257825633816431
0.6082321855 0.025908477119664
0.60946915325 0.0260346498545729
0.610706121 0.026161081602794
0.61194308875 0.0262877723807868
0.6131800565 0.0264147222050468
0.61441702425 0.0265419310921038
0.615653992 0.0266693969
0.616890743625 0.0267971037815924
0.61812749525 0.0269250675267187
0.619364246875 0.0270532903105645
0.6206009985 0.0271817721498255
0.621837750125 0.0273105130612334
0.62307450175 0.027439513061557
0.624311253375 0.0275687721675979
0.625548005 0.0276982923
0.626784548125 0.0278280458636235
0.62802109125 0.0279580604000147
0.629257634375 0.0280883340222999
0.6304941775 0.0282188667474488
0.631730720625 0.0283496585924681
0.63296726375 0.0284807095743975
0.634203806875 0.0286120197103124
0.63544035 0.0287435901
0.636676677 0.0288753944487352
0.637913004 0.0290074589949665
0.639149331 0.0291397826732274
0.640385658 0.0292723655007592
0.641621985 0.0294052074948414
0.642858312 0.0295383086727892
0.644094639 0.0296716690519494
0.645330966 0.0298052867
0.646567069375 0.0299391432442349
0.64780317275 0.0300732569984543
0.649039276125 0.030207629929845
0.6502753795 0.0303422620559246
0.651511482875 0.0304771533942452
0.65274758625 0.0306123039623927
0.653983689625 0.0307477137779903
0.655219793 0.030883382
0.6564556655 0.0310192858097746
0.657691538 0.0311554479645269
0.6589274105 0.0312918693407065
0.660163283 0.0314285499561038
0.6613991555 0.0315654898285427
0.662635028 0.0317026889758854
0.6638709005 0.0318401474160268
0.665106773 0.0319778685
0.666342422 0.032115817270709
0.667578071 0.0322540286274213
0.66881372 0.0323924992550655
0.670049369 0.0325312291717035
0.671285018 0.0326702183954355
0.672520667 0.0328094669443955
0.673756316 0.0329489748367546
0.674991965 0.0330887426
0.676227383 0.0332287425228257
0.677462801 0.0333690022560749
0.678698219 0.0335095213087664
0.679933637 0.0336502996992403
0.681169055 0.0337913374458694
0.682404473 0.0339326345670621
0.683639891 0.0340741910812623
0.684875309 0.034216008
0.686110488625 0.0343580549240539
0.68734566825 0.0345003621895961
0.688580847875 0.0346429288221541
0.6898160275 0.0347857548403416
0.691051207125 0.034928840262805
0.69228638675 0.035072185108227
0.693521566375 0.0352157893953269
0.694756746 0.0353596535
0.69599168725 0.0355037485305099
0.6972266285 0.0356481033160554
0.69846156975 0.0357927175183468
0.699696511 0.0359375911562712
0.70093145225 0.0360827242487494
0.7021663935 0.0362281168147405
0.70340133475 0.0363737688732382
0.704636276 0.0365196829
0.70587097875 0.0366658232893213
0.7071056815 0.0368122255848276
0.70834038425 0.0369588873489164
0.709575087 0.0371058086007485
0.71080978975 0.0372529893595219
0.7120444925 0.0374004296444683
0.71327919525 0.0375481294748585
0.714513898 0.0376960886
0.715748354875 0.0378442783074968
0.71698281175 0.0379927272450757
0.718217268625 0.0381414357021335
0.7194517255 0.038290403698106
0.720686182375 0.0384396312524666
0.72192063925 0.0385891183847233
0.723155096125 0.0387388651144214
0.724389553 0.0388888706
0.725623756625 0.039039106590657
0.72685796025 0.039189601269932
0.728092163875 0.0393403555186413
0.7293263675 0.0394913693564973
0.730560571125 0.039642642803245
0.73179477475 0.0397941758786713
0.733028978375 0.0399459686025931
0.734263182 0.0400980216
0.73549713225 0.0402503017799285
0.7367310825 0.040402842166535
0.73796503275 0.0405556421746374
0.739198983 0.040708701824224
0.74043293325 0.0408620211353181
0.7416668835 0.0410156001279782
0.74290083375 0.0411694388223012
0.744134784 0.0413235416
0.745368488375 0.041477864613455
0.74660219275 0.0416324516471445
0.747835897125 0.0417872983597132
0.7490696015 0.041942404771425
0.750303305875 0.0420977709025792
0.75153701025 0.0422533967735124
0.752770714625 0.0424092824045958
0.754004419 0.042565423
0.755237855125 0.0427217989927433
0.75647129125 0.0428784298777503
0.757704727375 0.0430353204917644
0.7589381635 0.043192470855324
0.760171599625 0.0433498809890072
0.76140503575 0.0435075509134233
0.762638471875 0.0436654806492216
0.763871908 0.0438236696
0.765105083375 0.0439820861138616
0.76633825875 0.0441407617743117
0.767571434125 0.044299697219218
0.7688046095 0.0444588924693958
0.770037784875 0.0446183475456969
0.77127096025 0.0447780624690104
0.772504135625 0.0449380372602617
0.773737311 0.0450982739
0.774970225625 0.045258732567043
0.77620314025 0.0454194530146887
0.777436054875 0.045580433304405
0.7786689695 0.0457416734572869
0.779901884125 0.0459031734944615
0.78113479875 0.0460649334370951
0.782367713375 0.0462269533063902
0.783600628 0.0463892286
0.784833267 0.0465517365442185
0.786065906 0.0467144998391005
0.787298545 0.0468775230295666
0.788531184 0.0470408061369865
0.789763823 0.0472043491827643
0.790996462 0.0473681521883451
0.792229101 0.0475322151752069
0.79346174 0.0476965372
0.79469411075 0.047861085333615
0.7959264815 0.0480258924351258
0.79715885225 0.0481909594910093
0.798391223 0.0483562865229121
0.79962359375 0.0485218735525201
0.8008559645 0.048687720601551
0.80208833525 0.0488538276917643
0.803320706 0.0490201925
0.804552793625 0.0491867837721136
0.80578488125 0.049353632686441
0.807016968875 0.0495207416098236
0.8082490565 0.0496881105641851
0.809481144125 0.0498557395714876
0.81071323175 0.0500236286537294
0.811945319375 0.0501917778329446
0.813177407 0.0503601906
0.814409218875 0.0505288187920865
0.81564103075 0.0506977104998203
0.816872842625 0.0508668622765729
0.8181046545 0.0510362741445469
0.819336466375 0.0512059461259824
0.82056827825 0.0513758782431548
0.821800090125 0.0515460705183779
0.823031902 0.0517165278
0.82426343825 0.051887197405363
0.8254949745 0.0520581319454889
0.82672651075 0.0522293266168239
0.827958047 0.0524007814418495
0.82918958325 0.0525724964430836
0.8304211195 0.0527444716430807
0.83165265575 0.0529167070644352
0.832884192 0.0530892004
0.83411543775 0.0532619178806675
0.8353466835 0.0534348931981272
0.83657792925 0.0536081287048757
0.837809175 0.0537816244236717
0.83904042075 0.0539553803773147
0.8402716665 0.0541293965886354
0.84150291225 0.054303673080506
0.842734158 0.0544782047
0.843965113125 0.0546529657074828
0.84519606825 0.0548279817656177
0.846427023375 0.0550032580732394
0.8476579785 0.0551787946533873
0.848888933625 0.0553545915291362
0.85011988875 0.0555306487236011
0.851350843875 0.0557069662599297
0.852581799 0.0558835407
0.853812456125 0.0560603396089467
0.85504311325 0.0562373953420447
0.856273770375 0.0564147113838827
0.8575044275 0.0565922877577787
0.858735084625 0.0567701244870875
0.85996574175 0.0569482215952029
0.861196398875 0.0571265791055522
0.862427056 0.0573051971
0.8636574225 0.0574840331532034
0.864887789 0.0576631296145331
0.8661181555 0.0578424864491529
0.867348522 0.0580221036806599
0.8685788885 0.0582019813326893
0.869809255 0.0583821194289138
0.8710396215 0.0585625179930398
0.872269988 0.0587431741
0.8735000565 0.0589240527689929
0.874730125 0.0591051889022252
0.8759601935 0.0592865854723543
0.877190262 0.0594682425032573
0.8784203305 0.0596501600188493
0.879650399 0.0598323380430825
0.8808804675 0.0600147765999468
0.882110536 0.0601974753
0.883340299 0.0603803899354602
0.884570062 0.0605635646328375
0.885799825 0.0607469998297203
0.887029588 0.0609306955502662
0.888259351 0.06111465181867
0.889489114 0.0612988686591658
0.890718877 0.061483346096022
0.89194864 0.0616680783
0.893178097625 0.0618530368848109
0.89440755525 0.0620382501560224
0.895637012875 0.062223723991579
0.8968664705 0.0624094584159218
0.898095928125 0.0625954534535245
0.89932538575 0.0627817091289016
0.900554843375 0.0629682254666042
0.901784301 0.0631549981
0.903013445625 0.0633419925774152
0.90424259025 0.063529243267066
0.905471734875 0.0637167545848518
0.9067008795 0.0639045265554925
0.907930024125 0.064092559203746
0.90915916875 0.064280852554405
0.910388313375 0.0644694066323019
0.911617458 0.0646582198
0.91284628975 0.0648472489075242
0.9140751215 0.065036537021939
0.91530395325 0.0652260858305125
0.916532785 0.0654158953582469
0.91776161675 0.0656059656301791
0.9189904485 0.0657962966713841
0.92021928025 0.0659868885069779
0.921448112 0.0661777434
0.92267663075 0.06636880594957
0.9239051495 0.0665601314741009
0.92513366825 0.0667517177609458
0.926362187 0.0669435648353875
0.92759070575 0.0671356727227455
0.9288192245 0.0673280414483788
0.93004774325 0.0675206710376814
0.931276262 0.0677135614
0.932504460375 0.0679066625047371
0.93373265875 0.0681000242973848
0.934960857125 0.0682936469195576
0.9361890555 0.0684875303968173
0.937417253875 0.0686816747547683
0.93864545225 0.0688760800190495
0.939873650625 0.0690707462153384
0.941101849 0.0692656663
0.942329719625 0.0694608093852365
0.94355759025 0.0696562062710981
0.944785460875 0.0698518640527466
0.9460133315 0.0700477827560277
0.947241202125 0.070243962406825
0.94846907275 0.0704404030310615
0.949696943375 0.070637104654697
0.950924814 0.0708340657
0.95215235675 0.0710312383052338
0.9533798995 0.0712286702448273
0.95460744225 0.0714263631486007
0.955834985 0.0716243170426836
0.95706252775 0.0718225319532442
0.9582900705 0.0720210079064856
0.95951761325 0.0722197449286517
0.960745156 0.0724187446
0.961972378375 0.0726179502464088
0.96319960075 0.0728174184583734
0.964426823125 0.0730171477082928
0.9656540455 0.0732171380225797
0.966881267875 0.0734173894276848
0.96810849025 0.0736179019500973
0.969335712625 0.0738186756163444
0.970562935 0.0740197104
0.971789814625 0.0742209502303579
0.97301669425 0.0744224510854687
0.974243573875 0.0746242130449808
0.9754704535 0.0748262361355891
0.976697333125 0.0750285203840289
0.97792421275 0.0752310658170705
0.979151092375 0.0754338724615264
0.980377972 0.0756369409
0.981604516375 0.0758402138958774
0.98283106075 0.0760437485967991
0.984057605125 0.0762475444739499
0.9852841495 0.0764516015543082
0.986510693875 0.0766559198648933
0.98773723825 0.07686049943276
0.988963782625 0.0770653402850039
0.990190327 0.0772704434
0.991416536125 0.0774757497837069
0.99264274525 0.0776813183416811
0.993868954375 0.077887148149907
0.9950951635 0.0780932392356473
0.996321372625 0.0782995916262053
0.99754758175 0.0785062053489209
0.998773790875 0.0787130804311742
1 0.0789202181
LevelSetWear, written by Inigo Llavori. Lines after the data are not read.
If you use it, please cite I. Llavori, Wear simulation on a fixed mesh with level sets
and immersed frictional contact, submitted for publication. Mondragon Unibertsitatea.
https://github.com/illavori/LevelSetWear       BSD 3-Clause
