1601 8
-1 -0.005
-0.99875000125 -0.005
-0.9975000025 -0.005
-0.99625000375 -0.005
-0.995000005 -0.005
-0.99375000625 -0.005
-0.9925000075 -0.005
-0.99125000875 -0.005
-0.99000001 -0.005
-0.988750011125 -0.005
-0.98750001225 -0.005
-0.986250013375 -0.005
-0.9850000145 -0.005
-0.983750015625 -0.005
-0.98250001675 -0.005
-0.981250017875 -0.005
-0.980000019 -0.005
-0.97875002025 -0.005
-0.9775000215 -0.005
-0.97625002275 -0.005
-0.975000024 -0.005
-0.97375002525 -0.005
-0.9725000265 -0.005
-0.97125002775 -0.005
-0.970000029 -0.005
-0.96875002275 -0.005
-0.9675000165 -0.005
-0.96625001025 -0.005
-0.965000004 -0.005
-0.96374999775 -0.005
-0.9624999915 -0.005
-0.96124998525 -0.005
-0.959999979 -0.005
-0.958749980125 -0.005
-0.95749998125 -0.005
-0.956249982375 -0.005
-0.9549999835 -0.005
-0.953749984625 -0.005
-0.95249998575 -0.005
-0.951249986875 -0.005
-0.949999988 -0.005
-0.94874998925 -0.005
-0.9474999905 -0.005
-0.94624999175 -0.005
-0.944999993 -0.005
-0.94374999425 -0.005
-0.9424999955 -0.005
-0.94124999675 -0.005
-0.939999998 -0.005
-0.938749999125 -0.005
-0.93750000025 -0.005
-0.936250001375 -0.005
-0.9350000025 -0.005
-0.933750003625 -0.005
-0.93250000475 -0.005
-0.931250005875 -0.005
-0.930000007 -0.005
-0.92875000825 -0.005
-0.9275000095 -0.005
-0.92625001075 -0.005
-0.925000012 -0.005
-0.92375001325 -0.005
-0.9225000145 -0.005
-0.92125001575 -0.005
-0.920000017 -0.005
-0.918750018125 -0.005
-0.91750001925 -0.005
-0.916250020375 -0.005
-0.9150000215 -0.005
-0.913750022625 -0.005
-0.91250002375 -0.005
-0.911250024875 -0.005
-0.910000026 -0.005
-0.90875001975 -0.005
-0.9075000135 -0.005
-0.90625000725 -0.005
-0.905000001 -0.005
-0.90374999475 -0.005
-0.9024999885 -0.005
-0.90124998225 -0.005
-0.899999976 -0.005
-0.89874997725 -0.005
-0.8974999785 -0.005
-0.89624997975 -0.005
-0.894999981 -0.005
-0.89374998225 -0.005
-0.8924999835 -0.005
-0.89124998475 -0.005
-0.889999986 -0.005
-0.888749987125 -0.005
-0.88749998825 -0.005
-0.886249989375 -0.005
-0.8849999905 -0.005
-0.883749991625 -0.005
-0.88249999275 -0.005
-0.881249993875 -0.005
-0.879999995 -0.005
-0.87874999625 -0.005
-0.8774999975 -0.005
-0.87624999875 -0.005
-0.875 -0.005
-0.87375000125 -0.005
-0.8725000025 -0.005
-0.87125000375 -0.005
-0.870000005 -0.005
-0.868750006125 -0.005
-0.86750000725 -0.005
-0.866250008375 -0.005
-0.8650000095 -0.005
-0.863750010625 -0.005
-0.86250001175 -0.005
-0.861250012875 -0.005
-0.860000014 -0.005
-0.85875001525 -0.005
-0.8575000165 -0.005
-0.85625001775 -0.005
-0.855000019 -0.005
-0.85375002025 -0.005
-0.8525000215 -0.005
-0.85125002275 -0.005
-0.850000024 -0.005
-0.84875001775 -0.005
-0.8475000115 -0.005
-0.84625000525 -0.005
-0.844999999 -0.005
-0.84374999275 -0.005
-0.8424999865 -0.005
-0.84124998025 -0.005
-0.839999974 -0.005
-0.838749975125 -0.005
-0.83749997625 -0.005
-0.836249977375 -0.005
-0.8349999785 -0.005
-0.833749979625 -0.005
-0.83249998075 -0.005
-0.831249981875 -0.005
-0.829999983 -0.005
-0.82874998425 -0.005
-0.8274999855 -0.005
-0.82624998675 -0.005
-0.824999988 -0.005
-0.82374998925 -0.005
-0.8224999905 -0.005
-0.82124999175 -0.005
-0.819999993 -0.005
-0.818749994125 -0.005
-0.81749999525 -0.005
-0.816249996375 -0.005
-0.8149999975 -0.005
-0.813749998625 -0.005
-0.81249999975 -0.005
-0.811250000875 -0.005
-0.810000002 -0.005
-0.80875000325 -0.005
-0.8075000045 -0.005
-0.80625000575 -0.005
-0.805000007 -0.005
-0.80375000825 -0.005
-0.8025000095 -0.005
-0.80125001075 -0.005
-0.800000012 -0.005
-0.798750013125 -0.005
-0.79750001425 -0.005
-0.796250015375 -0.005
-0.7950000165 -0.005
-0.793750017625 -0.005
-0.79250001875 -0.005
-0.791250019875 -0.005
-0.790000021 -0.005
-0.78875001475 -0.005
-0.7875000085 -0.005
-0.78625000225 -0.005
-0.784999996 -0.005
-0.78374998975 -0.005
-0.7824999835 -0.005
-0.78124997725 -0.005
-0.779999971 -0.005
-0.77874997225 -0.005
-0.7774999735 -0.005
-0.77624997475 -0.005
-0.774999976 -0.005
-0.77374997725 -0.005
-0.7724999785 -0.005
-0.77124997975 -0.005
-0.769999981 -0.005
-0.768749982125 -0.005
-0.76749998325 -0.005
-0.766249984375 -0.005
-0.7649999855 -0.005
-0.763749986625 -0.005
-0.76249998775 -0.005
-0.761249988875 -0.005
-0.75999999 -0.005
-0.75874999125 -0.005
-0.7574999925 -0.005
-0.75624999375 -0.005
-0.754999995 -0.005
-0.75374999625 -0.005
-0.7524999975 -0.005
-0.75124999875 -0.005
-0.75 -0.005
-0.74875000125 -0.005
-0.7475000025 -0.005
-0.74625000375 -0.005
-0.745000005 -0.005
-0.74375000625 -0.005
-0.7425000075 -0.005
-0.74125000875 -0.005
-0.74000001 -0.005
-0.738750011125 -0.005
-0.73750001225 -0.005
-0.736250013375 -0.005
-0.7350000145 -0.005
-0.733750015625 -0.005
-0.73250001675 -0.005
-0.731250017875 -0.005
-0.730000019 -0.005
-0.72875002025 -0.005
-0.7275000215 -0.005
-0.72625002275 -0.005
-0.725000024 -0.005
-0.72375002525 -0.005
-0.7225000265 -0.005
-0.72125002775 -0.005
-0.720000029 -0.005
-0.71875002275 -0.005
-0.7175000165 -0.005
-0.71625001025 -0.005
-0.715000004 -0.005
-0.71374999775 -0.005
-0.7124999915 -0.005
-0.71124998525 -0.005
-0.709999979 -0.005
-0.708749980125 -0.005
-0.70749998125 -0.005
-0.706249982375 -0.005
-0.7049999835 -0.005
-0.703749984625 -0.005
-0.70249998575 -0.005
-0.701249986875 -0.005
-0.699999988 -0.005
-0.69874998925 -0.005
-0.6974999905 -0.005
-0.69624999175 -0.005
-0.694999993 -0.005
-0.69374999425 -0.005
-0.6924999955 -0.005
-0.69124999675 -0.005
-0.689999998 -0.005
-0.688749999125 -0.005
-0.68750000025 -0.005
-0.686250001375 -0.005
-0.6850000025 -0.005
-0.683750003625 -0.005
-0.68250000475 -0.005
-0.681250005875 -0.005
-0.680000007 -0.005
-0.67875000825 -0.005
-0.6775000095 -0.005
-0.67625001075 -0.005
-0.675000012 -0.005
-0.67375001325 -0.005
-0.6725000145 -0.005
-0.67125001575 -0.005
-0.670000017 -0.005
-0.668750018125 -0.005
-0.66750001925 -0.005
-0.666250020375 -0.005
-0.6650000215 -0.005
-0.663750022625 -0.005
-0.66250002375 -0.005
-0.661250024875 -0.005
-0.660000026 -0.005
-0.65875001975 -0.005
-0.6575000135 -0.005
-0.65625000725 -0.005
-0.655000001 -0.005
-0.65374999475 -0.005
-0.6524999885 -0.005
-0.65124998225 -0.005
-0.649999976 -0.005
-0.64874997725 -0.005
-0.6474999785 -0.005
-0.64624997975 -0.005
-0.644999981 -0.005
-0.64374998225 -0.005
-0.6424999835 -0.005
-0.64124998475 -0.005
-0.639999986 -0.005
-0.638749987125 -0.005
-0.63749998825 -0.005
-0.636249989375 -0.005
-0.6349999905 -0.005
-0.633749991625 -0.005
-0.63249999275 -0.005
-0.631249993875 -0.005
-0.629999995 -0.005
-0.62874999625 -0.005
-0.6274999975 -0.005
-0.62624999875 -0.005
-0.625 -0.005
-0.62375000125 -0.005
-0.6225000025 -0.005
-0.62125000375 -0.005
-0.620000005 -0.005
-0.618750006125 -0.005
-0.61750000725 -0.005
-0.616250008375 -0.005
-0.6150000095 -0.005
-0.613750010625 -0.005
-0.61250001175 -0.005
-0.611250012875 -0.005
-0.610000014 -0.005
-0.60875001525 -0.005
-0.6075000165 -0.005
-0.60625001775 -0.005
-0.605000019 -0.005
-0.60375002025 -0.005
-0.6025000215 -0.005
-0.60125002275 -0.005
-0.600000024 -0.005
-0.59875001775 -0.005
-0.5975000115 -0.005
-0.59625000525 -0.005
-0.594999999 -0.005
-0.59374999275 -0.005
-0.5924999865 -0.005
-0.59124998025 -0.005
-0.589999974 -0.005
-0.588749975125 -0.005
-0.58749997625 -0.005
-0.586249977375 -0.005
-0.5849999785 -0.005
-0.583749979625 -0.005
-0.58249998075 -0.005
-0.581249981875 -0.005
-0.579999983 -0.005
-0.57874998425 -0.005
-0.5774999855 -0.005
-0.57624998675 -0.005
-0.574999988 -0.005
-0.57374998925 -0.005
-0.5724999905 -0.005
-0.57124999175 -0.005
-0.569999993 -0.005
-0.568749994125 -0.005
-0.56749999525 -0.005
-0.566249996375 -0.005
-0.5649999975 -0.005
-0.563749998625 -0.005
-0.56249999975 -0.005
-0.561250000875 -0.005
-0.560000002 -0.005
-0.55875000325 -0.005
-0.5575000045 -0.005
-0.55625000575 -0.005
-0.555000007 -0.005
-0.55375000825 -0.005
-0.5525000095 -0.005
-0.55125001075 -0.005
-0.550000012 -0.005
-0.548750013125 -0.005
-0.54750001425 -0.005
-0.546250015375 -0.005
-0.5450000165 -0.005
-0.543750017625 -0.005
-0.54250001875 -0.005
-0.541250019875 -0.005
-0.540000021 -0.005
-0.53875001475 -0.005
-0.5375000085 -0.005
-0.53625000225 -0.005
-0.534999996 -0.005
-0.53374998975 -0.005
-0.5324999835 -0.005
-0.53124997725 -0.005
-0.529999971 -0.005
-0.52874997225 -0.005
-0.5274999735 -0.005
-0.52624997475 -0.005
-0.524999976 -0.005
-0.52374997725 -0.005
-0.5224999785 -0.005
-0.52124997975 -0.005
-0.519999981 -0.005
-0.518749982125 -0.005
-0.51749998325 -0.005
-0.516249984375 -0.005
-0.5149999855 -0.005
-0.513749986625 -0.005
-0.51249998775 -0.005
-0.511249988875 -0.005
-0.50999999 -0.005
-0.50874999125 -0.005
-0.5074999925 -0.005
-0.50624999375 -0.005
-0.504999995 -0.005
-0.50374999625 -0.005
-0.5024999975 -0.005
-0.50124999875 -0.005
-0.5 -0.005
-0.49875000125 -0.005
-0.4975000025 -0.005
-0.49625000375 -0.005
-0.495000005 -0.005
-0.49375000625 -0.005
-0.4925000075 -0.005
-0.49125000875 -0.005
-0.49000001 -0.005
-0.488750007375 -0.005
-0.48750000475 -0.005
-0.486250002125 -0.005
-0.4849999995 -0.005
-0.483749996875 -0.005
-0.48249999425 -0.005
-0.481249991625 -0.005
-0.479999989 -0.005
-0.47874999025 -0.005
-0.4774999915 -0.005
-0.47624999275 -0.005
-0.474999994 -0.005
-0.47374999525 -0.005
-0.4724999965 -0.005
-0.47124999775 -0.005
-0.469999999 -0.005
-0.468750000125 -0.005
-0.46750000125 -0.005
-0.466250002375 -0.005
-0.4650000035 -0.005
-0.463750004625 -0.005
-0.46250000575 -0.005
-0.461250006875 -0.005
-0.460000008 -0.005
-0.4587500055 -0.005
-0.457500003 -0.005
-0.4562500005 -0.005
-0.454999998 -0.005
-0.4537499955 -0.005
-0.452499993 -0.005
-0.4512499905 -0.005
-0.449999988 -0.005
-0.44874998925 -0.005
-0.4474999905 -0.005
-0.44624999175 -0.005
-0.444999993 -0.005
-0.44374999425 -0.005
-0.4424999955 -0.005
-0.44124999675 -0.005
-0.439999998 -0.005
-0.438749999125 -0.005
-0.43750000025 -0.005
-0.436250001375 -0.005
-0.4350000025 -0.005
-0.433750003625 -0.005
-0.43250000475 -0.005
-0.431250005875 -0.005
-0.430000007 -0.005
-0.4287500045 -0.005
-0.427500002 -0.005
-0.4262499995 -0.005
-0.424999997 -0.005
-0.4237499945 -0.005
-0.422499992 -0.005
-0.4212499895 -0.005
-0.419999987 -0.005
-0.418749988125 -0.005
-0.41749998925 -0.005
-0.416249990375 -0.005
-0.4149999915 -0.005
-0.413749992625 -0.005
-0.41249999375 -0.005
-0.411249994875 -0.005
-0.409999996 -0.005
-0.40874999725 -0.005
-0.4074999985 -0.005
-0.40624999975 -0.005
-0.405000001 -0.005
-0.40375000225 -0.005
-0.4025000035 -0.005
-0.40125000475 -0.005
-0.400000006 -0.005
-0.3987500035 -0.005
-0.397500001 -0.005
-0.3962499985 -0.005
-0.394999996 -0.005
-0.3937499935 -0.005
-0.392499991 -0.005
-0.3912499885 -0.005
-0.389999986 -0.005
-0.388749987125 -0.005
-0.38749998825 -0.005
-0.386249989375 -0.005
-0.3849999905 -0.005
-0.383749991625 -0.005
-0.38249999275 -0.005
-0.381249993875 -0.005
-0.379999995 -0.005
-0.37874999625 -0.005
-0.3774999975 -0.005
-0.37624999875 -0.005
-0.375 -0.005
-0.37375000125 -0.005
-0.3725000025 -0.005
-0.37125000375 -0.005
-0.370000005 -0.005
-0.368750006125 -0.005
-0.36750000725 -0.005
-0.366250008375 -0.005
-0.3650000095 -0.005
-0.363750010625 -0.005
-0.36250001175 -0.005
-0.361250012875 -0.005
-0.360000014 -0.005
-0.3587500115 -0.005
-0.357500009 -0.005
-0.3562500065 -0.005
-0.355000004 -0.005
-0.3537500015 -0.005
-0.352499999 -0.005
-0.3512499965 -0.005
-0.349999994 -0.005
-0.34874999525 -0.005
-0.3474999965 -0.005
-0.34624999775 -0.005
-0.344999999 -0.005
-0.34375000025 -0.005
-0.3425000015 -0.005
-0.34125000275 -0.005
-0.340000004 -0.005
-0.338750005125 -0.005
-0.33750000625 -0.005
-0.336250007375 -0.005
-0.3350000085 -0.005
-0.333750009625 -0.005
-0.33250001075 -0.005
-0.331250011875 -0.005
-0.330000013 -0.005
-0.3287500105 -0.005
-0.327500008 -0.005
-0.3262500055 -0.005
-0.325000003 -0.005
-0.3237500005 -0.005
-0.322499998 -0.005
-0.3212499955 -0.005
-0.319999993 -0.005
-0.318749994125 -0.005
-0.31749999525 -0.005
-0.316249996375 -0.005
-0.3149999975 -0.005
-0.313749998625 -0.005
-0.31249999975 -0.005
-0.311250000875 -0.005
-0.310000002 -0.005
-0.30875000325 -0.005
-0.3075000045 -0.005
-0.30625000575 -0.005
-0.305000007 -0.005
-0.30375000825 -0.005
-0.3025000095 -0.005
-0.30125001075 -0.005
-0.300000012 -0.005
-0.2987500095 -0.005
-0.297500007 -0.005
-0.2962500045 -0.005
-0.295000002 -0.005
-0.2937499995 -0.005
-0.292499997 -0.005
-0.2912499945 -0.005
-0.289999992 -0.005
-0.288749993125 -0.005
-0.28749999425 -0.005
-0.286249995375 -0.005
-0.2849999965 -0.005
-0.283749997625 -0.005
-0.28249999875 -0.005
-0.281249999875 -0.005
-0.280000001 -0.005
-0.27875000225 -0.005
-0.2775000035 -0.005
-0.27625000475 -0.005
-0.275000006 -0.005
-0.27375000725 -0.005
-0.2725000085 -0.005
-0.27125000975 -0.005
-0.270000011 -0.005
-0.268750008375 -0.005
-0.26750000575 -0.005
-0.266250003125 -0.005
-0.2650000005 -0.005
-0.263749997875 -0.005
-0.26249999525 -0.005
-0.261249992625 -0.005
-0.25999999 -0.005
-0.25874999125 -0.005
-0.2574999925 -0.005
-0.25624999375 -0.005
-0.254999995 -0.005
-0.25374999625 -0.005
-0.2524999975 -0.005
-0.25124999875 -0.005
-0.25 -0.005
-0.248749999375 -0.005
-0.24749999875 -0.005
-0.246249998125 -0.005
-0.2449999975 -0.005
-0.243749996875 -0.005
-0.24249999625 -0.005
-0.241249995625 -0.005
-0.239999995 -0.005
-0.238749996125 -0.005
-0.23749999725 -0.005
-0.236249998375 -0.005
-0.2349999995 -0.005
-0.233750000625 -0.005
-0.23250000175 -0.005
-0.231250002875 -0.005
-0.230000004 -0.005
-0.228750003375 -0.005
-0.22750000275 -0.005
-0.226250002125 -0.005
-0.2250000015 -0.005
-0.223750000875 -0.005
-0.22250000025 -0.005
-0.221249999625 -0.005
-0.219999999 -0.005
-0.21874999825 -0.005
-0.2174999975 -0.005
-0.21624999675 -0.005
-0.214999996 -0.005
-0.21374999525 -0.005
-0.2124999945 -0.005
-0.21124999375 -0.005
-0.209999993 -0.005
-0.20874999425 -0.005
-0.2074999955 -0.005
-0.20624999675 -0.005
-0.204999998 -0.005
-0.20374999925 -0.005
-0.2025000005 -0.005
-0.20125000175 -0.005
-0.200000003 -0.005
-0.198750002375 -0.005
-0.19750000175 -0.005
-0.196250001125 -0.005
-0.1950000005 -0.005
-0.193749999875 -0.005
-0.19249999925 -0.005
-0.191249998625 -0.005
-0.189999998 -0.005
-0.188749999125 -0.005
-0.18750000025 -0.005
-0.186250001375 -0.005
-0.1850000025 -0.005
-0.183750003625 -0.005
-0.18250000475 -0.005
-0.181250005875 -0.005
-0.180000007 -0.005
-0.178750006375 -0.005
-0.17750000575 -0.005
-0.176250005125 -0.005
-0.1750000045 -0.005
-0.173750003875 -0.005
-0.17250000325 -0.005
-0.171250002625 -0.005
-0.170000002 -0.005
-0.16875000125 -0.005
-0.1675000005 -0.005
-0.16624999975 -0.005
-0.164999999 -0.005
-0.16374999825 -0.005
-0.1624999975 -0.005
-0.16124999675 -0.005
-0.159999996 -0.005
-0.15874999725 -0.005
-0.1574999985 -0.005
-0.15624999975 -0.005
-0.155000001 -0.005
-0.15375000225 -0.005
-0.1525000035 -0.005
-0.15125000475 -0.005
-0.150000006 -0.005
-0.148750005375 -0.005
-0.14750000475 -0.005
-0.146250004125 -0.005
-0.1450000035 -0.005
-0.143750002875 -0.005
-0.14250000225 -0.005
-0.141250001625 -0.005
-0.140000001 -0.005
-0.13875000025 -0.005
-0.1374999995 -0.005
-0.13624999875 -0.005
-0.134999998 -0.005
-0.13374999725 -0.005
-0.1324999965 -0.005
-0.13124999575 -0.005
-0.129999995 -0.005
-0.12874999525 -0.005
-0.1274999955 -0.005
-0.12624999575 -0.005
-0.124999996 -0.005
-0.12374999625 -0.005
-0.1224999965 -0.005
-0.12124999675 -0.005
-0.119999997 -0.005
-0.11874999725 -0.005
-0.1174999975 -0.005
-0.11624999775 -0.005
-0.114999998 -0.005
-0.11374999825 -0.005
-0.1124999985 -0.005
-0.11124999875 -0.005
-0.109999999 -0.005
-0.10874999925 -0.005
-0.1074999995 -0.005
-0.10624999975 -0.005
-0.105 -0.005
-0.10375000025 -0.005
-0.1025000005 -0.005
-0.10125000075 -0.005
-0.100000001 -0.005
-0.098750001325 -0.005
-0.09750000165 -0.005
-0.096250001975 -0.005
-0.0950000023 -0.005
-0.093750002625 -0.005
-0.09250000295 -0.005
-0.091250003275 -0.005
-0.0900000036 -0.005
-0.088750002925 -0.005
-0.08750000225 -0.005
-0.086250001575 -0.005
-0.0850000009 -0.005
-0.083750000225 -0.005
-0.08249999955 -0.005
-0.081249998875 -0.005
-0.0799999982 -0.005
-0.0787499984625 -0.005
-0.077499998725 -0.005
-0.0762499989875 -0.005
-0.07499999925 -0.005
-0.0737499995125 -0.005
-0.072499999775 -0.005
-0.0712500000375 -0.005
-0.0700000003 -0.005
-0.0687500001 -0.005
-0.0674999999 -0.005
-0.0662499997 -0.005
-0.0649999995 -0.005
-0.0637499993 -0.005
-0.0624999991 -0.005
-0.0612499989 -0.005
-0.0599999987 -0.005
-0.05874999895 -0.005
-0.0574999992 -0.005
-0.05624999945 -0.005
-0.0549999997 -0.005
-0.05374999995 -0.005
-0.0525000002 -0.005
-0.05125000045 -0.005
-0.0500000007 -0.005
-0.0487500005 -0.005
-0.0475000003 -0.005
-0.0462500001 -0.005
-0.0449999999 -0.005
-0.0437499997 -0.005
-0.0424999995 -0.005
-0.0412499993 -0.005
-0.0399999991 -0.005
-0.038749999125 -0.005
-0.03749999915 -0.005
-0.036249999175 -0.005
-0.0349999992 -0.005
-0.033749999225 -0.005
-0.03249999925 -0.005
-0.031249999275 -0.005
-0.0299999993 -0.005
-0.0287499993375 -0.005
-0.027499999375 -0.005
-0.0262499994125 -0.005
-0.02499999945 -0.005
-0.0237499994875 -0.005
-0.022499999525 -0.005
-0.0212499995625 -0.005
-0.0199999996 -0.005
-0.0187499996225 -0.005
-0.017499999645 -0.005
-0.0162499996675 -0.005
-0.01499999969 -0.005
-0.0137499997125 -0.005
-0.012499999735 -0.005
-0.0112499997575 -0.005
-0.00999999978 -0.005
-0.0087499998075 -0.005
-0.007499999835 -0.005
-0.0062499998625 -0.005
-0.00499999989 -0.005
-0.0037499999175 -0.005
-0.002499999945 -0.005
-0.0012499999725 -0.005
0 -0.005
0.0012499999725 -0.005
0.002499999945 -0.005
0.0037499999175 -0.005
0.00499999989 -0.005
0.0062499998625 -0.005
0.007499999835 -0.005
0.0087499998075 -0.005
0.00999999978 -0.005
0.0112499997575 -0.005
0.012499999735 -0.005
0.0137499997125 -0.005
0.01499999969 -0.005
0.0162499996675 -0.005
0.017499999645 -0.005
0.0187499996225 -0.005
0.0199999996 -0.005
0.0212499995625 -0.005
0.022499999525 -0.005
0.0237499994875 -0.005
0.02499999945 -0.005
0.0262499994125 -0.005
0.027499999375 -0.005
0.0287499993375 -0.005
0.0299999993 -0.005
0.031249999275 -0.005
0.03249999925 -0.005
0.033749999225 -0.005
0.0349999992 -0.005
0.036249999175 -0.005
0.03749999915 -0.005
0.038749999125 -0.005
0.0399999991 -0.005
0.0412499993 -0.005
0.0424999995 -0.005
0.0437499997 -0.005
0.0449999999 -0.005
0.0462500001 -0.005
0.0475000003 -0.005
0.0487500005 -0.005
0.0500000007 -0.005
0.05125000045 -0.005
0.0525000002 -0.005
0.05374999995 -0.005
0.0549999997 -0.005
0.05624999945 -0.005
0.0574999992 -0.005
0.05874999895 -0.005
0.0599999987 -0.005
0.0612499989 -0.005
0.0624999991 -0.005
0.0637499993 -0.005
0.0649999995 -0.005
0.0662499997 -0.005
0.0674999999 -0.005
0.0687500001 -0.005
0.0700000003 -0.005
0.0712500000375 -0.005
0.072499999775 -0.005
0.0737499995125 -0.005
0.07499999925 -0.005
0.0762499989875 -0.005
0.077499998725 -0.005
0.0787499984625 -0.005
0.0799999982 -0.005
0.081249998875 -0.005
0.08249999955 -0.005
0.083750000225 -0.005
0.0850000009 -0.005
0.086250001575 -0.005
0.08750000225 -0.005
0.088750002925 -0.005
0.0900000036 -0.005
0.091250003275 -0.005
0.09250000295 -0.005
0.093750002625 -0.005
0.0950000023 -0.005
0.096250001975 -0.005
0.09750000165 -0.005
0.098750001325 -0.005
0.100000001 -0.005
0.10125000075 -0.005
0.1025000005 -0.005
0.10375000025 -0.005
0.105 -0.005
0.10624999975 -0.005
0.1074999995 -0.005
0.10874999925 -0.005
0.109999999 -0.005
0.11124999875 -0.005
0.1124999985 -0.005
0.11374999825 -0.005
0.114999998 -0.005
0.11624999775 -0.005
0.1174999975 -0.005
0.11874999725 -0.005
0.119999997 -0.005
0.12124999675 -0.005
0.1224999965 -0.005
0.12374999625 -0.005
0.124999996 -0.005
0.12624999575 -0.005
0.1274999955 -0.005
0.12874999525 -0.005
0.129999995 -0.005
0.13124999575 -0.005
0.1324999965 -0.005
0.13374999725 -0.005
0.134999998 -0.005
0.13624999875 -0.005
0.1374999995 -0.005
0.13875000025 -0.005
0.140000001 -0.005
0.141250001625 -0.005
0.14250000225 -0.005
0.143750002875 -0.005
0.1450000035 -0.005
0.146250004125 -0.005
0.14750000475 -0.005
0.148750005375 -0.005
0.150000006 -0.005
0.15125000475 -0.005
0.1525000035 -0.005
0.15375000225 -0.005
0.155000001 -0.005
0.15624999975 -0.005
0.1574999985 -0.005
0.15874999725 -0.005
0.159999996 -0.005
0.16124999675 -0.005
0.1624999975 -0.005
0.16374999825 -0.005
0.164999999 -0.005
0.16624999975 -0.005
0.1675000005 -0.005
0.16875000125 -0.005
0.170000002 -0.005
0.171250002625 -0.005
0.17250000325 -0.005
0.173750003875 -0.005
0.1750000045 -0.005
0.176250005125 -0.005
0.17750000575 -0.005
0.178750006375 -0.005
0.180000007 -0.005
0.181250005875 -0.005
0.18250000475 -0.005
0.183750003625 -0.005
0.1850000025 -0.005
0.186250001375 -0.005
0.18750000025 -0.005
0.188749999125 -0.005
0.189999998 -0.005
0.191249998625 -0.005
0.19249999925 -0.005
0.193749999875 -0.005
0.1950000005 -0.005
0.196250001125 -0.005
0.19750000175 -0.005
0.198750002375 -0.005
0.200000003 -0.005
0.20125000175 -0.005
0.2025000005 -0.005
0.20374999925 -0.005
0.204999998 -0.005
0.20624999675 -0.005
0.2074999955 -0.005
0.20874999425 -0.005
0.209999993 -0.005
0.21124999375 -0.005
0.2124999945 -0.005
0.21374999525 -0.005
0.214999996 -0.005
0.21624999675 -0.005
0.2174999975 -0.005
0.21874999825 -0.005
0.219999999 -0.005
0.221249999625 -0.005
0.22250000025 -0.005
0.223750000875 -0.005
0.2250000015 -0.005
0.226250002125 -0.005
0.22750000275 -0.005
0.228750003375 -0.005
0.230000004 -0.005
0.231250002875 -0.005
0.23250000175 -0.005
0.233750000625 -0.005
0.2349999995 -0.005
0.236249998375 -0.005
0.23749999725 -0.005
0.238749996125 -0.005
0.239999995 -0.005
0.241249995625 -0.005
0.24249999625 -0.005
0.243749996875 -0.005
0.2449999975 -0.005
0.246249998125 -0.005
0.24749999875 -0.005
0.248749999375 -0.005
0.25 -0.005
0.25124999875 -0.005
0.2524999975 -0.005
0.25374999625 -0.005
0.254999995 -0.005
0.25624999375 -0.005
0.2574999925 -0.005
0.25874999125 -0.005
0.25999999 -0.005
0.261249992625 -0.005
0.26249999525 -0.005
0.263749997875 -0.005
0.2650000005 -0.005
0.266250003125 -0.005
0.26750000575 -0.005
0.268750008375 -0.005
0.270000011 -0.005
0.27125000975 -0.005
0.2725000085 -0.005
0.27375000725 -0.005
0.275000006 -0.005
0.27625000475 -0.005
0.2775000035 -0.005
0.27875000225 -0.005
0.280000001 -0.005
0.281249999875 -0.005
0.28249999875 -0.005
0.283749997625 -0.005
0.2849999965 -0.005
0.286249995375 -0.005
0.28749999425 -0.005
0.288749993125 -0.005
0.289999992 -0.005
0.2912499945 -0.005
0.292499997 -0.005
0.2937499995 -0.005
0.295000002 -0.005
0.2962500045 -0.005
0.297500007 -0.005
0.2987500095 -0.005
0.300000012 -0.005
0.30125001075 -0.005
0.3025000095 -0.005
0.30375000825 -0.005
0.305000007 -0.005
0.30625000575 -0.005
0.3075000045 -0.005
0.30875000325 -0.005
0.310000002 -0.005
0.311250000875 -0.005
0.31249999975 -0.005
0.313749998625 -0.005
0.3149999975 -0.005
0.316249996375 -0.005
0.31749999525 -0.005
0.318749994125 -0.005
0.319999993 -0.005
0.3212499955 -0.005
0.322499998 -0.005
0.3237500005 -0.005
0.325000003 -0.005
0.3262500055 -0.005
0.327500008 -0.005
0.3287500105 -0.005
0.330000013 -0.005
0.331250011875 -0.005
0.33250001075 -0.005
0.333750009625 -0.005
0.3350000085 -0.005
0.336250007375 -0.005
0.33750000625 -0.005
0.338750005125 -0.005
0.340000004 -0.005
0.34125000275 -0.005
0.3425000015 -0.005
0.34375000025 -0.005
0.344999999 -0.005
0.34624999775 -0.005
0.3474999965 -0.005
0.34874999525 -0.005
0.349999994 -0.005
0.3512499965 -0.005
0.352499999 -0.005
0.3537500015 -0.005
0.355000004 -0.005
0.3562500065 -0.005
0.357500009 -0.005
0.3587500115 -0.005
0.360000014 -0.005
0.361250012875 -0.005
0.36250001175 -0.005
0.363750010625 -0.005
0.3650000095 -0.005
0.366250008375 -0.005
0.36750000725 -0.005
0.368750006125 -0.005
0.370000005 -0.005
0.37125000375 -0.005
0.3725000025 -0.005
0.37375000125 -0.005
0.375 -0.005
0.37624999875 -0.005
0.3774999975 -0.005
0.37874999625 -0.005
0.379999995 -0.005
0.381249993875 -0.005
0.38249999275 -0.005
0.383749991625 -0.005
0.3849999905 -0.005
0.386249989375 -0.005
0.38749998825 -0.005
0.388749987125 -0.005
0.389999986 -0.005
0.3912499885 -0.005
0.392499991 -0.005
0.3937499935 -0.005
0.394999996 -0.005
0.3962499985 -0.005
0.397500001 -0.005
0.3987500035 -0.005
0.400000006 -0.005
0.40125000475 -0.005
0.4025000035 -0.005
0.40375000225 -0.005
0.405000001 -0.005
0.40624999975 -0.005
0.4074999985 -0.005
0.40874999725 -0.005
0.409999996 -0.005
0.411249994875 -0.005
0.41249999375 -0.005
0.413749992625 -0.005
0.4149999915 -0.005
0.416249990375 -0.005
0.41749998925 -0.005
0.418749988125 -0.005
0.419999987 -0.005
0.4212499895 -0.005
0.422499992 -0.005
0.4237499945 -0.005
0.424999997 -0.005
0.4262499995 -0.005
0.427500002 -0.005
0.4287500045 -0.005
0.430000007 -0.005
0.431250005875 -0.005
0.43250000475 -0.005
0.433750003625 -0.005
0.4350000025 -0.005
0.436250001375 -0.005
0.43750000025 -0.005
0.438749999125 -0.005
0.439999998 -0.005
0.44124999675 -0.005
0.4424999955 -0.005
0.44374999425 -0.005
0.444999993 -0.005
0.44624999175 -0.005
0.4474999905 -0.005
0.44874998925 -0.005
0.449999988 -0.005
0.4512499905 -0.005
0.452499993 -0.005
0.4537499955 -0.005
0.454999998 -0.005
0.4562500005 -0.005
0.457500003 -0.005
0.4587500055 -0.005
0.460000008 -0.005
0.461250006875 -0.005
0.46250000575 -0.005
0.463750004625 -0.005
0.4650000035 -0.005
0.466250002375 -0.005
0.46750000125 -0.005
0.468750000125 -0.005
0.469999999 -0.005
0.47124999775 -0.005
0.4724999965 -0.005
0.47374999525 -0.005
0.474999994 -0.005
0.47624999275 -0.005
0.4774999915 -0.005
0.47874999025 -0.005
0.479999989 -0.005
0.481249991625 -0.005
0.48249999425 -0.005
0.483749996875 -0.005
0.4849999995 -0.005
0.486250002125 -0.005
0.48750000475 -0.005
0.488750007375 -0.005
0.49000001 -0.005
0.49125000875 -0.005
0.4925000075 -0.005
0.49375000625 -0.005
0.495000005 -0.005
0.49625000375 -0.005
0.4975000025 -0.005
0.49875000125 -0.005
0.5 -0.005
0.50124999875 -0.005
0.5024999975 -0.005
0.50374999625 -0.005
0.504999995 -0.005
0.50624999375 -0.005
0.5074999925 -0.005
0.50874999125 -0.005
0.50999999 -0.005
0.511249988875 -0.005
0.51249998775 -0.005
0.513749986625 -0.005
0.5149999855 -0.005
0.516249984375 -0.005
0.51749998325 -0.005
0.518749982125 -0.005
0.519999981 -0.005
0.52124997975 -0.005
0.5224999785 -0.005
0.52374997725 -0.005
0.524999976 -0.005
0.52624997475 -0.005
0.5274999735 -0.005
0.52874997225 -0.005
0.529999971 -0.005
0.53124997725 -0.005
0.5324999835 -0.005
0.53374998975 -0.005
0.534999996 -0.005
0.53625000225 -0.005
0.5375000085 -0.005
0.53875001475 -0.005
0.540000021 -0.005
0.541250019875 -0.005
0.54250001875 -0.005
0.543750017625 -0.005
0.5450000165 -0.005
0.546250015375 -0.005
0.54750001425 -0.005
0.548750013125 -0.005
0.550000012 -0.005
0.55125001075 -0.005
0.5525000095 -0.005
0.55375000825 -0.005
0.555000007 -0.005
0.55625000575 -0.005
0.5575000045 -0.005
0.55875000325 -0.005
0.560000002 -0.005
0.561250000875 -0.005
0.56249999975 -0.005
0.563749998625 -0.005
0.5649999975 -0.005
0.566249996375 -0.005
0.56749999525 -0.005
0.568749994125 -0.005
0.569999993 -0.005
0.57124999175 -0.005
0.5724999905 -0.005
0.57374998925 -0.005
0.574999988 -0.005
0.57624998675 -0.005
0.5774999855 -0.005
0.57874998425 -0.005
0.579999983 -0.005
0.581249981875 -0.005
0.58249998075 -0.005
0.583749979625 -0.005
0.5849999785 -0.005
0.586249977375 -0.005
0.58749997625 -0.005
0.588749975125 -0.005
0.589999974 -0.005
0.59124998025 -0.005
0.5924999865 -0.005
0.59374999275 -0.005
0.594999999 -0.005
0.59625000525 -0.005
0.5975000115 -0.005
0.59875001775 -0.005
0.600000024 -0.005
0.60125002275 -0.005
0.6025000215 -0.005
0.60375002025 -0.005
0.605000019 -0.005
0.60625001775 -0.005
0.6075000165 -0.005
0.60875001525 -0.005
0.610000014 -0.005
0.611250012875 -0.005
0.61250001175 -0.005
0.613750010625 -0.005
0.6150000095 -0.005
0.616250008375 -0.005
0.61750000725 -0.005
0.618750006125 -0.005
0.620000005 -0.005
0.62125000375 -0.005
0.6225000025 -0.005
0.62375000125 -0.005
0.625 -0.005
0.62624999875 -0.005
0.6274999975 -0.005
0.62874999625 -0.005
0.629999995 -0.005
0.631249993875 -0.005
0.63249999275 -0.005
0.633749991625 -0.005
0.6349999905 -0.005
0.636249989375 -0.005
0.63749998825 -0.005
0.638749987125 -0.005
0.639999986 -0.005
0.64124998475 -0.005
0.6424999835 -0.005
0.64374998225 -0.005
0.644999981 -0.005
0.64624997975 -0.005
0.6474999785 -0.005
0.64874997725 -0.005
0.649999976 -0.005
0.65124998225 -0.005
0.6524999885 -0.005
0.65374999475 -0.005
0.655000001 -0.005
0.65625000725 -0.005
0.6575000135 -0.005
0.65875001975 -0.005
0.660000026 -0.005
0.661250024875 -0.005
0.66250002375 -0.005
0.663750022625 -0.005
0.6650000215 -0.005
0.666250020375 -0.005
0.66750001925 -0.005
0.668750018125 -0.005
0.670000017 -0.005
0.67125001575 -0.005
0.6725000145 -0.005
0.67375001325 -0.005
0.675000012 -0.005
0.67625001075 -0.005
0.6775000095 -0.005
0.67875000825 -0.005
0.680000007 -0.005
0.681250005875 -0.005
0.68250000475 -0.005
0.683750003625 -0.005
0.6850000025 -0.005
0.686250001375 -0.005
0.68750000025 -0.005
0.688749999125 -0.005
0.689999998 -0.005
0.69124999675 -0.005
0.6924999955 -0.005
0.69374999425 -0.005
0.694999993 -0.005
0.69624999175 -0.005
0.6974999905 -0.005
0.69874998925 -0.005
0.699999988 -0.005
0.701249986875 -0.005
0.70249998575 -0.005
0.703749984625 -0.005
0.7049999835 -0.005
0.706249982375 -0.005
0.70749998125 -0.005
0.708749980125 -0.005
0.709999979 -0.005
0.71124998525 -0.005
0.7124999915 -0.005
0.71374999775 -0.005
0.715000004 -0.005
0.71625001025 -0.005
0.7175000165 -0.005
0.71875002275 -0.005
0.720000029 -0.005
0.72125002775 -0.005
0.7225000265 -0.005
0.72375002525 -0.005
0.725000024 -0.005
0.72625002275 -0.005
0.7275000215 -0.005
0.72875002025 -0.005
0.730000019 -0.005
0.731250017875 -0.005
0.73250001675 -0.005
0.733750015625 -0.005
0.7350000145 -0.005
0.736250013375 -0.005
0.73750001225 -0.005
0.738750011125 -0.005
0.74000001 -0.005
0.74125000875 -0.005
0.7425000075 -0.005
0.74375000625 -0.005
0.745000005 -0.005
0.74625000375 -0.005
0.7475000025 -0.005
0.74875000125 -0.005
0.75 -0.005
0.75124999875 -0.005
0.7524999975 -0.005
0.75374999625 -0.005
0.754999995 -0.005
0.75624999375 -0.005
0.7574999925 -0.005
0.75874999125 -0.005
0.75999999 -0.005
0.761249988875 -0.005
0.76249998775 -0.005
0.763749986625 -0.005
0.7649999855 -0.005
0.766249984375 -0.005
0.76749998325 -0.005
0.768749982125 -0.005
0.769999981 -0.005
0.77124997975 -0.005
0.7724999785 -0.005
0.77374997725 -0.005
0.774999976 -0.005
0.77624997475 -0.005
0.7774999735 -0.005
0.77874997225 -0.005
0.779999971 -0.005
0.78124997725 -0.005
0.7824999835 -0.005
0.78374998975 -0.005
0.784999996 -0.005
0.78625000225 -0.005
0.7875000085 -0.005
0.78875001475 -0.005
0.790000021 -0.005
0.791250019875 -0.005
0.79250001875 -0.005
0.793750017625 -0.005
0.7950000165 -0.005
0.796250015375 -0.005
0.79750001425 -0.005
0.798750013125 -0.005
0.800000012 -0.005
0.80125001075 -0.005
0.8025000095 -0.005
0.80375000825 -0.005
0.805000007 -0.005
0.80625000575 -0.005
0.8075000045 -0.005
0.80875000325 -0.005
0.810000002 -0.005
0.811250000875 -0.005
0.81249999975 -0.005
0.813749998625 -0.005
0.8149999975 -0.005
0.816249996375 -0.005
0.81749999525 -0.005
0.818749994125 -0.005
0.819999993 -0.005
0.82124999175 -0.005
0.8224999905 -0.005
0.82374998925 -0.005
0.824999988 -0.005
0.82624998675 -0.005
0.8274999855 -0.005
0.82874998425 -0.005
0.829999983 -0.005
0.831249981875 -0.005
0.83249998075 -0.005
0.833749979625 -0.005
0.8349999785 -0.005
0.836249977375 -0.005
0.83749997625 -0.005
0.838749975125 -0.005
0.839999974 -0.005
0.84124998025 -0.005
0.8424999865 -0.005
0.84374999275 -0.005
0.844999999 -0.005
0.84625000525 -0.005
0.8475000115 -0.005
0.84875001775 -0.005
0.850000024 -0.005
0.85125002275 -0.005
0.8525000215 -0.005
0.85375002025 -0.005
0.855000019 -0.005
0.85625001775 -0.005
0.8575000165 -0.005
0.85875001525 -0.005
0.860000014 -0.005
0.861250012875 -0.005
0.86250001175 -0.005
0.863750010625 -0.005
0.8650000095 -0.005
0.866250008375 -0.005
0.86750000725 -0.005
0.868750006125 -0.005
0.870000005 -0.005
0.87125000375 -0.005
0.8725000025 -0.005
0.87375000125 -0.005
0.875 -0.005
0.87624999875 -0.005
0.8774999975 -0.005
0.87874999625 -0.005
0.879999995 -0.005
0.881249993875 -0.005
0.88249999275 -0.005
0.883749991625 -0.005
0.8849999905 -0.005
0.886249989375 -0.005
0.88749998825 -0.005
0.888749987125 -0.005
0.889999986 -0.005
0.89124998475 -0.005
0.8924999835 -0.005
0.89374998225 -0.005
0.894999981 -0.005
0.89624997975 -0.005
0.8974999785 -0.005
0.89874997725 -0.005
0.899999976 -0.005
0.90124998225 -0.005
0.9024999885 -0.005
0.90374999475 -0.005
0.905000001 -0.005
0.90625000725 -0.005
0.9075000135 -0.005
0.90875001975 -0.005
0.910000026 -0.005
0.911250024875 -0.005
0.91250002375 -0.005
0.913750022625 -0.005
0.9150000215 -0.005
0.916250020375 -0.005
0.91750001925 -0.005
0.918750018125 -0.005
0.920000017 -0.005
0.92125001575 -0.005
0.9225000145 -0.005
0.92375001325 -0.005
0.925000012 -0.005
0.92625001075 -0.005
0.9275000095 -0.005
0.92875000825 -0.005
0.930000007 -0.005
0.931250005875 -0.005
0.93250000475 -0.005
0.933750003625 -0.005
0.9350000025 -0.005
0.936250001375 -0.005
0.93750000025 -0.005
0.938749999125 -0.005
0.939999998 -0.005
0.94124999675 -0.005
0.9424999955 -0.005
0.94374999425 -0.005
0.944999993 -0.005
0.94624999175 -0.005
0.9474999905 -0.005
0.94874998925 -0.005
0.949999988 -0.005
0.951249986875 -0.005
0.95249998575 -0.005
0.953749984625 -0.005
0.9549999835 -0.005
0.956249982375 -0.005
0.95749998125 -0.005
0.958749980125 -0.005
0.959999979 -0.005
0.96124998525 -0.005
0.9624999915 -0.005
0.96374999775 -0.005
0.965000004 -0.005
0.96625001025 -0.005
0.9675000165 -0.005
0.96875002275 -0.005
0.970000029 -0.005
0.97125002775 -0.005
0.9725000265 -0.005
0.97375002525 -0.005
0.975000024 -0.005
0.97625002275 -0.005
0.9775000215 -0.005
0.97875002025 -0.005
0.980000019 -0.005
0.981250017875 -0.005
0.98250001675 -0.005
0.983750015625 -0.005
0.9850000145 -0.005
0.986250013375 -0.005
0.98750001225 -0.005
0.988750011125 -0.005
0.99000001 -0.005
0.99125000875 -0.005
0.9925000075 -0.005
0.99375000625 -0.005
0.995000005 -0.005
0.99625000375 -0.005
0.9975000025 -0.005
0.99875000125 -0.005
1 -0.005
LevelSetWear, written by Inigo Llavori. Lines after the data are not read.
If you use it, please cite I. Llavori, Wear simulation on a fixed mesh with level sets
and immersed frictional contact, submitted for publication. Mondragon Unibertsitatea.
https://github.com/illavori/LevelSetWear       BSD 3-Clause
