1617 8
-1 0.0839202181
-0.998773790875 0.0837130804311741
-0.99754758175 0.0835062053489208
-0.996321372625 0.0832995916262051
-0.9950951635 0.0830932392356472
-0.993868954375 0.0828871481499069
-0.99264274525 0.082681318341681
-0.991416536125 0.0824757497837068
-0.990190327 0.0822704434
-0.988963782625 0.0820653402850038
-0.98773723825 0.0818604994327599
-0.986510693875 0.0816559198648932
-0.9852841495 0.0814516015543081
-0.984057605125 0.0812475444739498
-0.98283106075 0.081043748596799
-0.981604516375 0.0808402138958773
-0.980377972 0.0806369409
-0.979151092375 0.0804338724615263
-0.97792421275 0.0802310658170704
-0.976697333125 0.0800285203840287
-0.9754704535 0.079826236135589
-0.974243573875 0.0796242130449807
-0.97301669425 0.0794224510854686
-0.971789814625 0.0792209502303578
-0.970562935 0.0790197104
-0.969335712625 0.0788186756163443
-0.96810849025 0.0786179019500972
-0.966881267875 0.0784173894276847
-0.9656540455 0.0782171380225796
-0.964426823125 0.0780171477082927
-0.96319960075 0.0778174184583733
-0.961972378375 0.0776179502464087
-0.960745156 0.0774187446
-0.95951761325 0.0772197449286516
-0.9582900705 0.0770210079064855
-0.95706252775 0.0768225319532441
-0.955834985 0.0766243170426835
-0.95460744225 0.0764263631486006
-0.9533798995 0.0762286702448272
-0.95215235675 0.0760312383052337
-0.950924814 0.0758340657
-0.949696943375 0.0756371046546969
-0.94846907275 0.0754404030310614
-0.947241202125 0.0752439624068248
-0.9460133315 0.0750477827560276
-0.944785460875 0.0748518640527465
-0.94355759025 0.074656206271098
-0.942329719625 0.0744608093852364
-0.941101849 0.0742656663
-0.939873650625 0.0740707462153383
-0.93864545225 0.0738760800190494
-0.937417253875 0.0736816747547682
-0.9361890555 0.0734875303968172
-0.934960857125 0.0732936469195575
-0.93373265875 0.0731000242973847
-0.932504460375 0.072906662504737
-0.931276262 0.0727135614
-0.93004774325 0.0725206710376813
-0.9288192245 0.0723280414483787
-0.92759070575 0.0721356727227453
-0.926362187 0.0719435648353874
-0.92513366825 0.0717517177609457
-0.9239051495 0.0715601314741008
-0.92267663075 0.0713688059495698
-0.921448112 0.0711777434
-0.92021928025 0.0709868885069778
-0.9189904485 0.070796296671384
-0.91776161675 0.070605965630179
-0.916532785 0.0704158953582468
-0.91530395325 0.0702260858305124
-0.9140751215 0.0700365370219389
-0.91284628975 0.0698472489075241
-0.911617458 0.0696582198
-0.910388313375 0.0694694066323018
-0.90915916875 0.0692808525544049
-0.907930024125 0.0690925592037459
-0.9067008795 0.0689045265554924
-0.905471734875 0.0687167545848517
-0.90424259025 0.0685292432670659
-0.903013445625 0.0683419925774151
-0.901784301 0.0681549981
-0.900554843375 0.0679682254666041
-0.89932538575 0.0677817091289015
-0.898095928125 0.0675954534535244
-0.8968664705 0.0674094584159217
-0.895637012875 0.0672237239915789
-0.89440755525 0.0670382501560223
-0.893178097625 0.0668530368848108
-0.89194864 0.0666680783
-0.890718877 0.0664833460960219
-0.889489114 0.0662988686591657
-0.888259351 0.0661146518186699
-0.887029588 0.0659306955502661
-0.885799825 0.0657469998297202
-0.884570062 0.0655635646328374
-0.883340299 0.0653803899354601
-0.882110536 0.0651974753
-0.8808804675 0.0650147765999467
-0.879650399 0.0648323380430824
-0.8784203305 0.0646501600188492
-0.877190262 0.0644682425032572
-0.8759601935 0.0642865854723542
-0.874730125 0.0641051889022251
-0.8735000565 0.0639240527689928
-0.872269988 0.0637431741
-0.8710396215 0.0635625179930397
-0.869809255 0.0633821194289137
-0.8685788885 0.0632019813326892
-0.867348522 0.0630221036806597
-0.8661181555 0.0628424864491528
-0.864887789 0.062663129614533
-0.8636574225 0.0624840331532033
-0.862427056 0.0623051971
-0.861196398875 0.0621265791055521
-0.85996574175 0.0619482215952027
-0.858735084625 0.0617701244870874
-0.8575044275 0.0615922877577786
-0.856273770375 0.0614147113838825
-0.85504311325 0.0612373953420446
-0.853812456125 0.0610603396089466
-0.852581799 0.0608835407
-0.851350843875 0.0607069662599296
-0.85011988875 0.060530648723601
-0.848888933625 0.0603545915291361
-0.8476579785 0.0601787946533872
-0.846427023375 0.0600032580732393
-0.84519606825 0.0598279817656175
-0.843965113125 0.0596529657074827
-0.842734158 0.0594782047
-0.84150291225 0.0593036730805059
-0.8402716665 0.0591293965886353
-0.83904042075 0.0589553803773146
-0.837809175 0.0587816244236716
-0.83657792925 0.0586081287048756
-0.8353466835 0.0584348931981271
-0.83411543775 0.0582619178806674
-0.832884192 0.0580892004
-0.83165265575 0.0579167070644351
-0.8304211195 0.0577444716430806
-0.82918958325 0.0575724964430835
-0.827958047 0.0574007814418493
-0.82672651075 0.0572293266168238
-0.8254949745 0.0570581319454888
-0.82426343825 0.0568871974053629
-0.823031902 0.0567165278
-0.821800090125 0.0565460705183778
-0.82056827825 0.0563758782431547
-0.819336466375 0.0562059461259823
-0.8181046545 0.0560362741445468
-0.816872842625 0.0558668622765728
-0.81564103075 0.0556977104998202
-0.814409218875 0.0555288187920864
-0.813177407 0.0553601906
-0.811945319375 0.0551917778329445
-0.81071323175 0.0550236286537293
-0.809481144125 0.0548557395714875
-0.8082490565 0.054688110564185
-0.807016968875 0.0545207416098235
-0.80578488125 0.0543536326864409
-0.804552793625 0.0541867837721135
-0.803320706 0.0540201925
-0.80208833525 0.0538538276917642
-0.8008559645 0.0536877206015509
-0.79962359375 0.05352187355252
-0.798391223 0.053356286522912
-0.79715885225 0.0531909594910092
-0.7959264815 0.0530258924351257
-0.79469411075 0.0528610853336149
-0.79346174 0.0526965372
-0.792229101 0.0525322151752068
-0.790996462 0.052368152188345
-0.789763823 0.0522043491827642
-0.788531184 0.0520408061369864
-0.787298545 0.0518775230295665
-0.786065906 0.0517144998391004
-0.784833267 0.0515517365442184
-0.783600628 0.0513892286
-0.782367713375 0.05122695330639
-0.78113479875 0.051064933437095
-0.779901884125 0.0509031734944614
-0.7786689695 0.0507416734572868
-0.777436054875 0.0505804333044049
-0.77620314025 0.0504194530146886
-0.774970225625 0.0502587325670429
-0.773737311 0.0500982739
-0.772504135625 0.0499380372602616
-0.77127096025 0.0497780624690103
-0.770037784875 0.0496183475456968
-0.7688046095 0.0494588924693957
-0.767571434125 0.0492996972192179
-0.76633825875 0.0491407617743116
-0.765105083375 0.0489820861138615
-0.763871908 0.0488236696
-0.762638471875 0.0486654806492215
-0.76140503575 0.0485075509134232
-0.760171599625 0.0483498809890071
-0.7589381635 0.0481924708553239
-0.757704727375 0.0480353204917643
-0.75647129125 0.0478784298777502
-0.755237855125 0.0477217989927432
-0.754004419 0.047565423
-0.752770714625 0.0474092824045957
-0.75153701025 0.0472533967735123
-0.750303305875 0.0470977709025791
-0.7490696015 0.0469424047714249
-0.747835897125 0.0467872983597131
-0.74660219275 0.0466324516471444
-0.745368488375 0.0464778646134549
-0.744134784 0.0463235416
-0.74290083375 0.0461694388223011
-0.7416668835 0.0460156001279781
-0.74043293325 0.045862021135318
-0.739198983 0.0457087018242239
-0.73796503275 0.0455556421746373
-0.7367310825 0.0454028421665349
-0.73549713225 0.0452503017799284
-0.734263182 0.0450980216
-0.733028978375 0.044945968602593
-0.73179477475 0.0447941758786712
-0.730560571125 0.0446426428032449
-0.7293263675 0.0444913693564972
-0.728092163875 0.0443403555186412
-0.72685796025 0.0441896012699319
-0.725623756625 0.0440391065906569
-0.724389553 0.0438888706
-0.723155096125 0.0437388651144213
-0.72192063925 0.0435891183847232
-0.720686182375 0.0434396312524665
-0.7194517255 0.0432904036981059
-0.718217268625 0.0431414357021334
-0.71698281175 0.0429927272450756
-0.715748354875 0.0428442783074967
-0.714513898 0.0426960886
-0.71327919525 0.0425481294748584
-0.7120444925 0.0424004296444682
-0.71080978975 0.0422529893595218
-0.709575087 0.0421058086007484
-0.70834038425 0.0419588873489163
-0.7071056815 0.0418122255848274
-0.70587097875 0.0416658232893212
-0.704636276 0.0415196829
-0.70340133475 0.0413737688732381
-0.7021663935 0.0412281168147404
-0.70093145225 0.0410827242487493
-0.699696511 0.040937591156271
-0.69846156975 0.0407927175183467
-0.6972266285 0.0406481033160553
-0.69599168725 0.0405037485305098
-0.694756746 0.0403596535
-0.693521566375 0.0402157893953268
-0.69228638675 0.0400721851082269
-0.691051207125 0.0399288402628049
-0.6898160275 0.0397857548403415
-0.688580847875 0.039642928822154
-0.68734566825 0.039500362189596
-0.686110488625 0.0393580549240538
-0.684875309 0.039216008
-0.683639891 0.0390741910812622
-0.682404473 0.038932634567062
-0.681169055 0.0387913374458693
-0.679933637 0.0386502996992402
-0.678698219 0.0385095213087663
-0.677462801 0.0383690022560748
-0.676227383 0.0382287425228256
-0.674991965 0.0380887426
-0.673756316 0.0379489748367545
-0.672520667 0.0378094669443954
-0.671285018 0.0376702183954354
-0.670049369 0.0375312291717034
-0.66881372 0.0373924992550654
-0.667578071 0.0372540286274212
-0.666342422 0.0371158172707089
-0.665106773 0.0369778685
-0.6638709005 0.0368401474160267
-0.662635028 0.0367026889758852
-0.6613991555 0.0365654898285426
-0.660163283 0.0364285499561037
-0.6589274105 0.0362918693407064
-0.657691538 0.0361554479645267
-0.6564556655 0.0360192858097745
-0.655219793 0.035883382
-0.653983689625 0.0357477137779902
-0.65274758625 0.0356123039623926
-0.651511482875 0.0354771533942451
-0.6502753795 0.0353422620559245
-0.649039276125 0.0352076299298449
-0.64780317275 0.0350732569984542
-0.646567069375 0.0349391432442347
-0.645330966 0.0348052867
-0.644094639 0.0346716690519493
-0.642858312 0.0345383086727891
-0.641621985 0.0344052074948413
-0.640385658 0.0342723655007591
-0.639149331 0.0341397826732273
-0.637913004 0.0340074589949664
-0.636676677 0.0338753944487351
-0.63544035 0.0337435901
-0.634203806875 0.0336120197103122
-0.63296726375 0.0334807095743974
-0.631730720625 0.033349658592468
-0.6304941775 0.0332188667474487
-0.629257634375 0.0330883340222998
-0.62802109125 0.0329580604000146
-0.626784548125 0.0328280458636234
-0.625548005 0.0326982923
-0.624311253375 0.0325687721675978
-0.62307450175 0.0324395130615569
-0.621837750125 0.0323105130612333
-0.6206009985 0.0321817721498254
-0.619364246875 0.0320532903105644
-0.61812749525 0.0319250675267186
-0.616890743625 0.0317971037815923
-0.615653992 0.0316693969
-0.61441702425 0.0315419310921037
-0.6131800565 0.0314147222050467
-0.61194308875 0.0312877723807867
-0.610706121 0.0311610816027938
-0.60946915325 0.0310346498545728
-0.6082321855 0.0309084771196639
-0.60699521775 0.030782563381643
-0.60575825 0.0306569077
-0.604521073625 0.0305314917035302
-0.60328389725 0.0304063338181173
-0.602046720875 0.030281434951589
-0.6008095445 0.030156795087688
-0.599572368125 0.0300324142101926
-0.59833519175 0.029908292302915
-0.597098015375 0.0297844293497045
-0.595860839 0.0296608228
-0.594623454 0.0295374594632021
-0.593386069 0.0294143525851061
-0.592148684 0.0292915046841333
-0.590911299 0.0291689157442976
-0.589673914 0.0290465857496498
-0.588436529 0.0289245146842738
-0.587199144 0.0288027025322908
-0.585961759 0.0286811497
-0.584724180375 0.0285598359453703
-0.58348660175 0.0284387815598643
-0.582249023125 0.0283179861055913
-0.5810114445 0.0281974495668376
-0.579773865875 0.0280771719279267
-0.57853628725 0.0279571531732135
-0.577298708625 0.0278373932870926
-0.57606113 0.0277178902
-0.574823350125 0.0275986306887352
-0.57358557025 0.0274796280296385
-0.572347790375 0.027360884261225
-0.5711100105 0.0272423993680535
-0.569872230625 0.027124173334717
-0.56863445075 0.0270062061458454
-0.567396670875 0.0268884977861017
-0.566158891 0.0267710462
-0.56492091 0.0266538384717085
-0.563682929 0.0265368875706633
-0.562444948 0.0264201955218448
-0.561206967 0.026303762310083
-0.559968986 0.026187587920246
-0.558731005 0.0260716723372312
-0.557493024 0.0259560155459742
-0.556255043 0.0258406196
-0.555016883125 0.0257254616609552
-0.55377872325 0.0256105646120126
-0.552540563375 0.0254959263696843
-0.5513024035 0.025381546919073
-0.550064243625 0.0252674262453167
-0.54882608375 0.0251535643335874
-0.547587923875 0.0250399611690906
-0.546349764 0.024926614
-0.545111403 0.0248135126743225
-0.543873042 0.0247006673986894
-0.542634681 0.0245880808955086
-0.54139632 0.0244757531501509
-0.540157959 0.0243636841480255
-0.538919598 0.0242518738745758
-0.537681237 0.0241403223152776
-0.536442876 0.0240290314
-0.535204343625 0.0239179799332634
-0.53396581125 0.0238071891532705
-0.532727278875 0.0236966571012776
-0.5314887465 0.0235863837629298
-0.530250214125 0.0234763691239044
-0.52901168175 0.023366613169916
-0.527773149375 0.0232571158867145
-0.526534617 0.0231478754
-0.525295898375 0.0230388809069204
-0.52405717975 0.0229301432597868
-0.522818461125 0.022821664304562
-0.5215797425 0.0227134440271621
-0.520341023875 0.0226054824135353
-0.51910230525 0.0224977794496688
-0.517863586625 0.02239033512158
-0.516624868 0.022283148
-0.5153859705 0.0221762068950397
-0.514147073 0.022069523043486
-0.5129081755 0.0219630978468146
-0.511669278 0.0218569312912091
-0.5104303805 0.0217510233628921
-0.509191483 0.0216453740481182
-0.5079525855 0.0215399833331773
-0.506713688 0.0214348491
-0.5054746155 0.0213299628525139
-0.504235543 0.0212253331325911
-0.5029964705 0.0211209620310475
-0.501757398 0.0210168495343401
-0.5005183255 0.020912995628958
-0.499279253 0.0208094003014283
-0.4980401805 0.0207060635383103
-0.496801108 0.0206029844
-0.495561867875 0.0205001517594932
-0.49432262775 0.0203975767870368
-0.493083387625 0.020295260395522
-0.4918441475 0.0201932025716758
-0.490604907375 0.0200914033022572
-0.48936566725 0.0199898625740635
-0.488126427125 0.0198885803739257
-0.486887187 0.0197875556
-0.4856477755 0.0196867775883263
-0.484408364 0.0195862570481928
-0.4831689525 0.0194859950552706
-0.481929541 0.019385991596554
-0.4806901295 0.0192862466590764
-0.479450718 0.0191867602299025
-0.4782113065 0.0190875322961332
-0.476971895 0.0189885646
-0.47573232325 0.018889839117227
-0.4744927515 0.0187913739132988
-0.47325317975 0.0186931672203512
-0.472013608 0.0185952190256495
-0.47077403625 0.0184975293164946
-0.4695344645 0.0184000980802219
-0.46829489275 0.0183029253042024
-0.467055321 0.0182060115
-0.465815589 0.0181093426037471
-0.464575857 0.0180129327210414
-0.463336125 0.0179167813152263
-0.462096393 0.0178208883738371
-0.460856661 0.0177252538844446
-0.459616929 0.0176298778346542
-0.458377197 0.0175347602121061
-0.457137465 0.0174399
-0.455897573 0.0173452880069442
-0.454657681 0.0172509334664808
-0.453417789 0.0171568373708517
-0.452177897 0.0170629997078651
-0.450938005 0.016969420465359
-0.449698113 0.0168760996312107
-0.448458221 0.016783037193326
-0.447218329 0.0166902337
-0.445978287875 0.0165976763429914
-0.44473824675 0.0165053779686799
-0.443498205625 0.0164133380047549
-0.4422581645 0.0163215564392925
-0.441018123375 0.0162300332604035
-0.43977808225 0.0161387684562309
-0.438538041125 0.0160477620149528
-0.437298 0.0159570128
-0.436057806125 0.0158665130432256
-0.43481761225 0.0157762705529461
-0.433577418375 0.0156862864422571
-0.4323372245 0.0155965606995014
-0.431097030625 0.0155070933130599
-0.42985683675 0.0154178842713435
-0.428616642875 0.0153289335628006
-0.427376449 0.0152402408
-0.426136106125 0.015151796490021
-0.42489576325 0.0150636101649164
-0.423655420375 0.0149756821891796
-0.4224150775 0.0148880125514212
-0.421174734625 0.0148006012402933
-0.41993439175 0.014713448244474
-0.418694048875 0.0146265535526808
-0.417453706 0.0145399179
-0.416213221625 0.0144535291968086
-0.41497273725 0.0143673995692613
-0.413732252875 0.0142815282598718
-0.4124917685 0.0141959152575213
-0.411251284125 0.0141105605511269
-0.41001079975 0.0140254641296407
-0.408770315375 0.0139406259820456
-0.407529831 0.0138560468
-0.40628920875 0.0137717151069738
-0.4050485865 0.0136876424150438
-0.40380796425 0.01360382801069
-0.402567342 0.0135202718830607
-0.40132671975 0.0134369740213458
-0.4000860975 0.0133539344147611
-0.39884547525 0.0132711530525613
-0.397604853 0.0131886294
-0.396364089125 0.0131063556421758
-0.39512332525 0.0130243396316212
-0.393882561375 0.0129425818817577
-0.3926417975 0.0128610823820052
-0.391401033625 0.0127798411218185
-0.39016026975 0.0126988580906833
-0.388919505875 0.0126181332781234
-0.387678742 0.0125376675
-0.386437851625 0.0124574501026338
-0.38519696125 0.0123774917715656
-0.383956070875 0.0122977916701439
-0.3827151805 0.0122183497880579
-0.381474290125 0.0121391661150279
-0.38023339975 0.012060240640813
-0.378992509375 0.011981573355202
-0.377751619 0.011903163
-0.376510594375 0.0118250048680615
-0.37526956975 0.0117471037021444
-0.374028545125 0.0116694607401913
-0.3727875205 0.0115920759721568
-0.371546495875 0.0115149493880331
-0.37030547125 0.0114380809778449
-0.369064446625 0.0113614707316501
-0.367823422 0.0112851178
-0.36658227075 0.0112090169407502
-0.3653411195 0.0111331734290099
-0.36409996825 0.0110575880945101
-0.362858817 0.0109822609274763
-0.36161766575 0.010907191918168
-0.3603765145 0.0108323810568773
-0.35913536325 0.0107578283339311
-0.357894212 0.0106835337
-0.356652937875 0.0106094899476519
-0.35541166375 0.0105357043162488
-0.354170389625 0.0104621768359392
-0.3529291155 0.0103889074972168
-0.351687841375 0.0103158962906074
-0.35044656725 0.0102431432066714
-0.349205293125 0.0101706482360049
-0.347964019 0.0100984117
-0.3467226255 0.0100264256871396
-0.345481232 0.00995469813994099
-0.3442398385 0.00988322871836722
-0.342998445 0.00981201741317772
-0.3417570515 0.00974106421516829
-0.340515658 0.00967036911516583
-0.3392742645 0.00959993210403454
-0.338032871 0.00952975359
-0.33679136225 0.00945982583258242
-0.3355498535 0.00939015660207332
-0.33430834475 0.00932074547213624
-0.333066836 0.00925159243380058
-0.33182532725 0.00918269747812861
-0.3305838185 0.00911406059621545
-0.32934230975 0.00904568177919263
-0.328100801 0.00897756126
-0.32685918025 0.00890969219405768
-0.3256175595 0.00884208145493304
-0.32437593875 0.00877472879211005
-0.323134318 0.00870763419688636
-0.32189269725 0.00864079766059067
-0.3206510765 0.00857421917458812
-0.31940945575 0.00850789873027669
-0.318167835 0.00844183657
-0.316926102625 0.00837602602809095
-0.31568437025 0.00831047379957628
-0.314442637875 0.00824517962506999
-0.3132009055 0.00818014349613616
-0.311959173125 0.00811536540437352
-0.31071744075 0.00805084534141187
-0.309475708375 0.00798658329891655
-0.308233976 0.00792258047
-0.306992139375 0.00785882790116865
-0.30575030275 0.00779533457273462
-0.304508466125 0.00773209927508312
-0.3032666295 0.00766912200004555
-0.302024792875 0.00760640273948532
-0.30078295625 0.00754394148530224
-0.299541119625 0.00748173822942722
-0.298299283 0.0074197934
-0.29705734575 0.00735810069248632
-0.2958154085 0.00729666643725935
-0.29457347125 0.0072354901902143
-0.293331534 0.00717457194344728
-0.29208959675 0.0071139116890917
-0.2908476595 0.00705350941931293
-0.28960572225 0.00699336512631099
-0.288363785 0.00693347864
-0.287121747125 0.00687384561880844
-0.28587970925 0.00681447043067607
-0.284637671375 0.006755353230254
-0.2833956335 0.00669649400990746
-0.282153595625 0.0066378927620363
-0.28091155775 0.00657954947907324
-0.279669519875 0.00652146415348476
-0.278427482 0.00646363664
-0.27718534725 0.00640606286429346
-0.2759432125 0.00634874692602949
-0.27470107775 0.00629168895557708
-0.273458943 0.00623488894557056
-0.27221680825 0.00617834688867447
-0.2709746735 0.00612206277759064
-0.26973253875 0.00606603660505112
-0.268490404 0.00601026835
-0.267248176125 0.00595475389467381
-0.26600594825 0.00589949738114459
-0.264763720375 0.00584449881610194
-0.2635214925 0.00578975819244665
-0.262279264625 0.00573527550311059
-0.26103703675 0.00568105074106207
-0.259794808875 0.00562708389930044
-0.258552581 0.00557337562
-0.2573102675 0.00551992027339576
-0.256067954 0.00546672351097399
-0.2548256405 0.0054137846767297
-0.253583327 0.00536110376382926
-0.2523410135 0.00530868076547275
-0.2510987 0.00525651567489405
-0.2498563865 0.00520460848536075
-0.248614073 0.00515295891
-0.247371671875 0.00510156416693164
-0.24612927075 0.00505042706111869
-0.244886869625 0.00499954786613355
-0.2436444685 0.00494892657540813
-0.242402067375 0.00489856318241078
-0.24115966625 0.00484845768064091
-0.239917265125 0.00479861006363347
-0.238674864 0.00474902056
-0.237432381 0.00469968521570507
-0.236189898 0.00465060800600625
-0.234947415 0.0046017886895271
-0.233704932 0.00455322725996687
-0.232462449 0.00450492371106037
-0.231219966 0.00445687803657258
-0.229977483 0.00440909023030578
-0.228735 0.00436156057
-0.22749243875 0.00431428522878807
-0.2262498775 0.00426726805378408
-0.22500731625 0.00422050875501512
-0.223764755 0.00417400732644779
-0.22252219375 0.00412776376208246
-0.2212796325 0.00408177805595322
-0.22003707125 0.00403605020212616
-0.21879451 0.00399058033
-0.21755187425 0.00394536532476941
-0.2163092385 0.0039004083204599
-0.21506660275 0.00385570917597278
-0.213823967 0.00381126788554287
-0.21258133125 0.00376708444343521
-0.2113386955 0.00372315884395213
-0.21009605975 0.0036794910814244
-0.208853424 0.00363608124
-0.2076107155 0.003592926525954
-0.206368007 0.00355002975203256
-0.2051252985 0.00350739082292506
-0.20388259 0.00346500973313013
-0.2026398815 0.00342288647718103
-0.201397173 0.00338102104964477
-0.2001544645 0.00333941344512034
-0.198911756 0.00329806376
-0.197668980625 0.00325696947929277
-0.19642620525 0.00321613313510483
-0.195183429875 0.00317555462040975
-0.1939406545 0.0031352339299735
-0.192697879125 0.0030951710585958
-0.19145510375 0.00305536600111012
-0.190212328375 0.00301581875238188
-0.188969553 0.00297652907
-0.187726710375 0.00293749555569622
-0.18648386775 0.00289871962553878
-0.185241025125 0.00286020151183752
-0.1839981825 0.00282194120962398
-0.182755339875 0.00278393871396609
-0.18151249725 0.00274619401996024
-0.180269654625 0.00270870712274096
-0.179026812 0.00267147808
-0.177783909875 0.00263450493555872
-0.17654100775 0.002597789660709
-0.175298105625 0.00256133218819077
-0.1740552035 0.00252513251330289
-0.172812301375 0.00248919063137709
-0.17156939925 0.00245350653777798
-0.170326497125 0.0024180802279048
-0.169083595 0.00238291174
-0.16784063325 0.00234799927252904
-0.1665976715 0.00231334464272148
-0.16535470975 0.0022789478032994
-0.164111748 0.00224480874982813
-0.16286878625 0.00221092747790497
-0.1616258245 0.00217730398316185
-0.16038286275 0.00214393826126269
-0.159139901 0.00211083051
-0.15789688525 0.00207797869726001
-0.1566538695 0.00204538486904937
-0.15541085375 0.00201304881907038
-0.154167838 0.00198097054315749
-0.15292482225 0.00194915003717178
-0.1516818065 0.00191758729701164
-0.15043879075 0.00188628231860921
-0.149195775 0.0018552352
-0.147952709 0.00182444439148188
-0.146709643 0.00179391145562491
-0.145466577 0.0017636362864204
-0.144223511 0.0017336188799657
-0.142980445 0.00170385923239014
-0.141737379 0.00167435733985766
-0.140494313 0.00164511319856508
-0.139251247 0.00161612674
-0.1380081325 0.00158739703879096
-0.136765018 0.00155892503298283
-0.1355219035 0.00153071078364775
-0.134278789 0.00150275428714597
-0.1330356745 0.00147505553987592
-0.13179256 0.00144761453826714
-0.1305494455 0.00142043127878111
-0.129306331 0.00139350572
-0.128063170875 0.00136683699816142
-0.12682001075 0.00134042598903861
-0.125576850625 0.00131427272714113
-0.1243336905 0.00128837720909836
-0.123090530375 0.00126273943157251
-0.12184737025 0.00123735939125869
-0.120604210125 0.00121223708488571
-0.11936105 0.0011873726
-0.118117849875 0.00116276487343647
-0.11687464975 0.0011384149785707
-0.115631449625 0.00111432282147739
-0.1143882495 0.00109048839905146
-0.113145049375 0.0010669117082216
-0.11190184925 0.00104359274594934
-0.110658649125 0.00102053150922821
-0.109415449 0.000997728086
-0.108172211625 0.000975181528905189
-0.10692897425 0.000952892794903626
-0.105685736875 0.000930861790207516
-0.1044424995 0.000909088511977352
-0.103199262125 0.000887572957408267
-0.10195602475 0.00086631512372648
-0.100712787375 0.00084531500819196
-0.09946955 0.000824572577
-0.098226278125 0.000804087355897209
-0.09698300625 0.000783859828126232
-0.095739734375 0.000763890022180469
-0.0944964625 0.000744177935484203
-0.093253190625 0.000724723565499019
-0.09200991875 0.000705526909716703
-0.090766646875 0.000686587965663676
-0.089523375 0.000667906716
-0.0882800724 0.000649482750898933
-0.0870367698 0.000631316488143518
-0.0857934672 0.000613407940291744
-0.0845501646 0.000595757105034345
-0.083306862 0.000578363980098473
-0.0820635594 0.000561228563241478
-0.0808202568 0.000544350852256237
-0.0795769542 0.000527730794
-0.0783336236625 0.000511368174459292
-0.077090293125 0.000495263214979502
-0.0758469625875 0.000479415964451668
-0.07460363205 0.000463826420833868
-0.0733603015125 0.000448494582116155
-0.072116970975 0.000433420446324106
-0.0708736404375 0.000418604011515278
-0.0696303099 0.000404045306
-0.0683869560875 0.000389743971940248
-0.067143602275 0.000375700373102639
-0.0659002484625 0.000361914477458924
-0.06465689465 0.000348386283231861
-0.0634135408375 0.000335115788677953
-0.062170187025 0.000322102992088347
-0.0609268332125 0.000309347891785272
-0.0596834794 0.000296850485
-0.0584401050875 0.000284610573817901
-0.057196730775 0.000272628361464022
-0.0559533564625 0.000260903847519423
-0.05470998215 0.00024943703047331
-0.0534666078375 0.000238227908848643
-0.052223233525 0.000227276481200356
-0.0509798592125 0.000216582746117133
-0.0497364849 0.000206146695
-0.0484930933625 0.00019596820895007
-0.047249701825 0.000186047411348866
-0.0460063102875 0.000176384308140598
-0.04476291875 0.000166978898080927
-0.0435195272125 0.000157831179956602
-0.042276135675 0.000148941152589899
-0.0410327441375 0.000140308814835066
-0.0397893526 0.000131934154
-0.0385459470875 0.000123817113962588
-0.037302541575 0.000115957754513119
-0.0360591360625 0.000108356086217398
-0.03481573055 0.000101012108098431
-0.0335723250375 9.39258192067527e-05
-0.032328919525 8.70972186310937e-05
-0.0310855140125 8.05263054921568e-05
-0.0298421085 7.42130796e-05
-0.028598692975 6.81574904435323e-05
-0.02735527745 6.23595910909103e-05
-0.026111861925 5.68193801360195e-05
-0.0248684464 5.15368568665409e-05
-0.023625030875 4.65120206012415e-05
-0.02238161535 4.17448706926393e-05
-0.021138199825 3.72354065261149e-05
-0.0198947843 3.29836294e-05
-0.01865136202875 2.89895121596828e-05
-0.0174079397575 2.52530836934994e-05
-0.01616451748625 2.17743416399685e-05
-0.014921095215 1.85532855532244e-05
-0.01367767294375 1.55899150167116e-05
-0.0124342506725 1.28842296494014e-05
-0.01119082840125 1.04362291022397e-05
-0.00994740613 8.2459128e-06
-0.00870398036375 6.31327616940069e-06
-0.0074605545975 4.63832470121162e-06
-0.00621712883125 3.22105843952869e-06
-0.004973703065 2.06147720227534e-06
-0.00373027729875 1.15958083934942e-06
-0.0024868515325 5.15369234399543e-07
-0.00124342576625 1.28842303936949e-07
0 0
0.00124342576625 1.28842303936949e-07
0.0024868515325 5.15369234399543e-07
0.00373027729875 1.15958083934942e-06
0.004973703065 2.06147720227534e-06
0.00621712883125 3.22105843952869e-06
0.0074605545975 4.63832470121162e-06
0.00870398036375 6.31327616940069e-06
0.00994740613 8.2459128e-06
0.01119082840125 1.04362291022397e-05
0.0124342506725 1.28842296494014e-05
0.01367767294375 1.55899150167116e-05
0.014921095215 1.85532855532244e-05
0.01616451748625 2.17743416399685e-05
0.0174079397575 2.52530836934994e-05
0.01865136202875 2.89895121596828e-05
0.0198947843 3.29836294e-05
0.021138199825 3.72354065261149e-05
0.02238161535 4.17448706926393e-05
0.023625030875 4.65120206012415e-05
0.0248684464 5.15368568665409e-05
0.026111861925 5.68193801360195e-05
0.02735527745 6.23595910909103e-05
0.028598692975 6.81574904435323e-05
0.0298421085 7.42130796e-05
0.0310855140125 8.05263054921568e-05
0.032328919525 8.70972186310937e-05
0.0335723250375 9.39258192067527e-05
0.03481573055 0.000101012108098431
0.0360591360625 0.000108356086217398
0.037302541575 0.000115957754513119
0.0385459470875 0.000123817113962588
0.0397893526 0.000131934154
0.0410327441375 0.000140308814835066
0.042276135675 0.000148941152589899
0.0435195272125 0.000157831179956602
0.04476291875 0.000166978898080927
0.0460063102875 0.000176384308140598
0.047249701825 0.000186047411348866
0.0484930933625 0.00019596820895007
0.0497364849 0.000206146695
0.0509798592125 0.000216582746117133
0.052223233525 0.000227276481200356
0.0534666078375 0.000238227908848643
0.05470998215 0.00024943703047331
0.0559533564625 0.000260903847519423
0.057196730775 0.000272628361464022
0.0584401050875 0.000284610573817901
0.0596834794 0.000296850485
0.0609268332125 0.000309347891785272
0.062170187025 0.000322102992088347
0.0634135408375 0.000335115788677953
0.06465689465 0.000348386283231861
0.0659002484625 0.000361914477458924
0.067143602275 0.000375700373102639
0.0683869560875 0.000389743971940248
0.0696303099 0.000404045306
0.0708736404375 0.000418604011515278
0.072116970975 0.000433420446324106
0.0733603015125 0.000448494582116155
0.07460363205 0.000463826420833868
0.0758469625875 0.000479415964451668
0.077090293125 0.000495263214979502
0.0783336236625 0.000511368174459292
0.0795769542 0.000527730794
0.0808202568 0.000544350852256237
0.0820635594 0.000561228563241478
0.083306862 0.000578363980098473
0.0845501646 0.000595757105034345
0.0857934672 0.000613407940291744
0.0870367698 0.000631316488143518
0.0882800724 0.000649482750898933
0.089523375 0.000667906716
0.090766646875 0.000686587965663676
0.09200991875 0.000705526909716703
0.093253190625 0.000724723565499019
0.0944964625 0.000744177935484203
0.095739734375 0.000763890022180469
0.09698300625 0.000783859828126232
0.098226278125 0.000804087355897209
0.09946955 0.000824572577
0.100712787375 0.00084531500819196
0.10195602475 0.00086631512372648
0.103199262125 0.000887572957408267
0.1044424995 0.000909088511977352
0.105685736875 0.000930861790207516
0.10692897425 0.000952892794903626
0.108172211625 0.000975181528905189
0.109415449 0.000997728086
0.110658649125 0.00102053150922821
0.11190184925 0.00104359274594934
0.113145049375 0.0010669117082216
0.1143882495 0.00109048839905146
0.115631449625 0.00111432282147739
0.11687464975 0.0011384149785707
0.118117849875 0.00116276487343647
0.11936105 0.0011873726
0.120604210125 0.00121223708488571
0.12184737025 0.00123735939125869
0.123090530375 0.00126273943157251
0.1243336905 0.00128837720909836
0.125576850625 0.00131427272714113
0.12682001075 0.00134042598903861
0.128063170875 0.00136683699816142
0.129306331 0.00139350572
0.1305494455 0.00142043127878111
0.13179256 0.00144761453826714
0.1330356745 0.00147505553987592
0.134278789 0.00150275428714597
0.1355219035 0.00153071078364775
0.136765018 0.00155892503298283
0.1380081325 0.00158739703879096
0.139251247 0.00161612674
0.140494313 0.00164511319856508
0.141737379 0.00167435733985766
0.142980445 0.00170385923239014
0.144223511 0.0017336188799657
0.145466577 0.0017636362864204
0.146709643 0.00179391145562491
0.147952709 0.00182444439148188
0.149195775 0.0018552352
0.15043879075 0.00188628231860921
0.1516818065 0.00191758729701164
0.15292482225 0.00194915003717178
0.154167838 0.00198097054315749
0.15541085375 0.00201304881907038
0.1566538695 0.00204538486904937
0.15789688525 0.00207797869726001
0.159139901 0.00211083051
0.16038286275 0.00214393826126269
0.1616258245 0.00217730398316185
0.16286878625 0.00221092747790497
0.164111748 0.00224480874982813
0.16535470975 0.0022789478032994
0.1665976715 0.00231334464272148
0.16784063325 0.00234799927252904
0.169083595 0.00238291174
0.170326497125 0.0024180802279048
0.17156939925 0.00245350653777798
0.172812301375 0.00248919063137709
0.1740552035 0.00252513251330289
0.175298105625 0.00256133218819077
0.17654100775 0.002597789660709
0.177783909875 0.00263450493555872
0.179026812 0.00267147808
0.180269654625 0.00270870712274096
0.18151249725 0.00274619401996024
0.182755339875 0.00278393871396609
0.1839981825 0.00282194120962398
0.185241025125 0.00286020151183752
0.18648386775 0.00289871962553878
0.187726710375 0.00293749555569622
0.188969553 0.00297652907
0.190212328375 0.00301581875238188
0.19145510375 0.00305536600111012
0.192697879125 0.0030951710585958
0.1939406545 0.0031352339299735
0.195183429875 0.00317555462040975
0.19642620525 0.00321613313510483
0.197668980625 0.00325696947929277
0.198911756 0.00329806376
0.2001544645 0.00333941344512034
0.201397173 0.00338102104964477
0.2026398815 0.00342288647718103
0.20388259 0.00346500973313013
0.2051252985 0.00350739082292506
0.206368007 0.00355002975203256
0.2076107155 0.003592926525954
0.208853424 0.00363608124
0.21009605975 0.0036794910814244
0.2113386955 0.00372315884395213
0.21258133125 0.00376708444343521
0.213823967 0.00381126788554287
0.21506660275 0.00385570917597278
0.2163092385 0.0039004083204599
0.21755187425 0.00394536532476941
0.21879451 0.00399058033
0.22003707125 0.00403605020212616
0.2212796325 0.00408177805595322
0.22252219375 0.00412776376208246
0.223764755 0.00417400732644779
0.22500731625 0.00422050875501512
0.2262498775 0.00426726805378408
0.22749243875 0.00431428522878807
0.228735 0.00436156057
0.229977483 0.00440909023030578
0.231219966 0.00445687803657258
0.232462449 0.00450492371106037
0.233704932 0.00455322725996687
0.234947415 0.0046017886895271
0.236189898 0.00465060800600625
0.237432381 0.00469968521570507
0.238674864 0.00474902056
0.239917265125 0.00479861006363347
0.24115966625 0.00484845768064091
0.242402067375 0.00489856318241078
0.2436444685 0.00494892657540813
0.244886869625 0.00499954786613355
0.24612927075 0.00505042706111869
0.247371671875 0.00510156416693164
0.248614073 0.00515295891
0.2498563865 0.00520460848536075
0.2510987 0.00525651567489405
0.2523410135 0.00530868076547275
0.253583327 0.00536110376382926
0.2548256405 0.0054137846767297
0.256067954 0.00546672351097399
0.2573102675 0.00551992027339576
0.258552581 0.00557337562
0.259794808875 0.00562708389930044
0.26103703675 0.00568105074106207
0.262279264625 0.00573527550311059
0.2635214925 0.00578975819244665
0.264763720375 0.00584449881610194
0.26600594825 0.00589949738114459
0.267248176125 0.00595475389467381
0.268490404 0.00601026835
0.26973253875 0.00606603660505112
0.2709746735 0.00612206277759064
0.27221680825 0.00617834688867447
0.273458943 0.00623488894557056
0.27470107775 0.00629168895557708
0.2759432125 0.00634874692602949
0.27718534725 0.00640606286429346
0.278427482 0.00646363664
0.279669519875 0.00652146415348476
0.28091155775 0.00657954947907324
0.282153595625 0.0066378927620363
0.2833956335 0.00669649400990746
0.284637671375 0.006755353230254
0.28587970925 0.00681447043067607
0.287121747125 0.00687384561880844
0.288363785 0.00693347864
0.28960572225 0.00699336512631099
0.2908476595 0.00705350941931293
0.29208959675 0.0071139116890917
0.293331534 0.00717457194344728
0.29457347125 0.0072354901902143
0.2958154085 0.00729666643725935
0.29705734575 0.00735810069248632
0.298299283 0.0074197934
0.299541119625 0.00748173822942722
0.30078295625 0.00754394148530224
0.302024792875 0.00760640273948532
0.3032666295 0.00766912200004555
0.304508466125 0.00773209927508312
0.30575030275 0.00779533457273462
0.306992139375 0.00785882790116865
0.308233976 0.00792258047
0.309475708375 0.00798658329891655
0.31071744075 0.00805084534141187
0.311959173125 0.00811536540437352
0.3132009055 0.00818014349613616
0.314442637875 0.00824517962506999
0.31568437025 0.00831047379957628
0.316926102625 0.00837602602809095
0.318167835 0.00844183657
0.31940945575 0.00850789873027669
0.3206510765 0.00857421917458812
0.32189269725 0.00864079766059067
0.323134318 0.00870763419688636
0.32437593875 0.00877472879211005
0.3256175595 0.00884208145493304
0.32685918025 0.00890969219405768
0.328100801 0.00897756126
0.32934230975 0.00904568177919263
0.3305838185 0.00911406059621545
0.33182532725 0.00918269747812861
0.333066836 0.00925159243380058
0.33430834475 0.00932074547213624
0.3355498535 0.00939015660207332
0.33679136225 0.00945982583258242
0.338032871 0.00952975359
0.3392742645 0.00959993210403454
0.340515658 0.00967036911516583
0.3417570515 0.00974106421516829
0.342998445 0.00981201741317772
0.3442398385 0.00988322871836722
0.345481232 0.00995469813994099
0.3467226255 0.0100264256871396
0.347964019 0.0100984117
0.349205293125 0.0101706482360049
0.35044656725 0.0102431432066714
0.351687841375 0.0103158962906074
0.3529291155 0.0103889074972168
0.354170389625 0.0104621768359392
0.35541166375 0.0105357043162488
0.356652937875 0.0106094899476519
0.357894212 0.0106835337
0.35913536325 0.0107578283339311
0.3603765145 0.0108323810568773
0.36161766575 0.010907191918168
0.362858817 0.0109822609274763
0.36409996825 0.0110575880945101
0.3653411195 0.0111331734290099
0.36658227075 0.0112090169407502
0.367823422 0.0112851178
0.369064446625 0.0113614707316501
0.37030547125 0.0114380809778449
0.371546495875 0.0115149493880331
0.3727875205 0.0115920759721568
0.374028545125 0.0116694607401913
0.37526956975 0.0117471037021444
0.376510594375 0.0118250048680615
0.377751619 0.011903163
0.378992509375 0.011981573355202
0.38023339975 0.012060240640813
0.381474290125 0.0121391661150279
0.3827151805 0.0122183497880579
0.383956070875 0.0122977916701439
0.38519696125 0.0123774917715656
0.386437851625 0.0124574501026338
0.387678742 0.0125376675
0.388919505875 0.0126181332781234
0.39016026975 0.0126988580906833
0.391401033625 0.0127798411218185
0.3926417975 0.0128610823820052
0.393882561375 0.0129425818817577
0.39512332525 0.0130243396316212
0.396364089125 0.0131063556421758
0.397604853 0.0131886294
0.39884547525 0.0132711530525613
0.4000860975 0.0133539344147611
0.40132671975 0.0134369740213458
0.402567342 0.0135202718830607
0.40380796425 0.01360382801069
0.4050485865 0.0136876424150438
0.40628920875 0.0137717151069738
0.407529831 0.0138560468
0.408770315375 0.0139406259820456
0.41001079975 0.0140254641296407
0.411251284125 0.0141105605511269
0.4124917685 0.0141959152575213
0.413732252875 0.0142815282598718
0.41497273725 0.0143673995692613
0.416213221625 0.0144535291968086
0.417453706 0.0145399179
0.418694048875 0.0146265535526808
0.41993439175 0.014713448244474
0.421174734625 0.0148006012402933
0.4224150775 0.0148880125514212
0.423655420375 0.0149756821891796
0.42489576325 0.0150636101649164
0.426136106125 0.015151796490021
0.427376449 0.0152402408
0.428616642875 0.0153289335628006
0.42985683675 0.0154178842713435
0.431097030625 0.0155070933130599
0.4323372245 0.0155965606995014
0.433577418375 0.0156862864422571
0.43481761225 0.0157762705529461
0.436057806125 0.0158665130432256
0.437298 0.0159570128
0.438538041125 0.0160477620149528
0.43977808225 0.0161387684562309
0.441018123375 0.0162300332604035
0.4422581645 0.0163215564392925
0.443498205625 0.0164133380047549
0.44473824675 0.0165053779686799
0.445978287875 0.0165976763429914
0.447218329 0.0166902337
0.448458221 0.016783037193326
0.449698113 0.0168760996312107
0.450938005 0.016969420465359
0.452177897 0.0170629997078651
0.453417789 0.0171568373708517
0.454657681 0.0172509334664808
0.455897573 0.0173452880069442
0.457137465 0.0174399
0.458377197 0.0175347602121061
0.459616929 0.0176298778346542
0.460856661 0.0177252538844446
0.462096393 0.0178208883738371
0.463336125 0.0179167813152263
0.464575857 0.0180129327210414
0.465815589 0.0181093426037471
0.467055321 0.0182060115
0.46829489275 0.0183029253042024
0.4695344645 0.0184000980802219
0.47077403625 0.0184975293164946
0.472013608 0.0185952190256495
0.47325317975 0.0186931672203512
0.4744927515 0.0187913739132988
0.47573232325 0.018889839117227
0.476971895 0.0189885646
0.4782113065 0.0190875322961332
0.479450718 0.0191867602299025
0.4806901295 0.0192862466590764
0.481929541 0.019385991596554
0.4831689525 0.0194859950552706
0.484408364 0.0195862570481928
0.4856477755 0.0196867775883263
0.486887187 0.0197875556
0.488126427125 0.0198885803739257
0.48936566725 0.0199898625740635
0.490604907375 0.0200914033022572
0.4918441475 0.0201932025716758
0.493083387625 0.020295260395522
0.49432262775 0.0203975767870368
0.495561867875 0.0205001517594932
0.496801108 0.0206029844
0.4980401805 0.0207060635383103
0.499279253 0.0208094003014283
0.5005183255 0.020912995628958
0.501757398 0.0210168495343401
0.5029964705 0.0211209620310475
0.504235543 0.0212253331325911
0.5054746155 0.0213299628525139
0.506713688 0.0214348491
0.5079525855 0.0215399833331773
0.509191483 0.0216453740481182
0.5104303805 0.0217510233628921
0.511669278 0.0218569312912091
0.5129081755 0.0219630978468146
0.514147073 0.022069523043486
0.5153859705 0.0221762068950397
0.516624868 0.022283148
0.517863586625 0.02239033512158
0.51910230525 0.0224977794496688
0.520341023875 0.0226054824135353
0.5215797425 0.0227134440271621
0.522818461125 0.022821664304562
0.52405717975 0.0229301432597868
0.525295898375 0.0230388809069204
0.526534617 0.0231478754
0.527773149375 0.0232571158867145
0.52901168175 0.023366613169916
0.530250214125 0.0234763691239044
0.5314887465 0.0235863837629298
0.532727278875 0.0236966571012776
0.53396581125 0.0238071891532705
0.535204343625 0.0239179799332634
0.536442876 0.0240290314
0.537681237 0.0241403223152776
0.538919598 0.0242518738745758
0.540157959 0.0243636841480255
0.54139632 0.0244757531501509
0.542634681 0.0245880808955086
0.543873042 0.0247006673986894
0.545111403 0.0248135126743225
0.546349764 0.024926614
0.547587923875 0.0250399611690906
0.54882608375 0.0251535643335874
0.550064243625 0.0252674262453167
0.5513024035 0.025381546919073
0.552540563375 0.0254959263696843
0.55377872325 0.0256105646120126
0.555016883125 0.0257254616609552
0.556255043 0.0258406196
0.557493024 0.0259560155459742
0.558731005 0.0260716723372312
0.559968986 0.026187587920246
0.561206967 0.026303762310083
0.562444948 0.0264201955218448
0.563682929 0.0265368875706633
0.56492091 0.0266538384717085
0.566158891 0.0267710462
0.567396670875 0.0268884977861017
0.56863445075 0.0270062061458454
0.569872230625 0.027124173334717
0.5711100105 0.0272423993680535
0.572347790375 0.027360884261225
0.57358557025 0.0274796280296385
0.574823350125 0.0275986306887352
0.57606113 0.0277178902
0.577298708625 0.0278373932870926
0.57853628725 0.0279571531732135
0.579773865875 0.0280771719279267
0.5810114445 0.0281974495668376
0.582249023125 0.0283179861055913
0.58348660175 0.0284387815598643
0.584724180375 0.0285598359453703
0.585961759 0.0286811497
0.587199144 0.0288027025322908
0.588436529 0.0289245146842738
0.589673914 0.0290465857496498
0.590911299 0.0291689157442976
0.592148684 0.0292915046841333
0.593386069 0.0294143525851061
0.594623454 0.0295374594632021
0.595860839 0.0296608228
0.597098015375 0.0297844293497045
0.59833519175 0.029908292302915
0.599572368125 0.0300324142101926
0.6008095445 0.030156795087688
0.602046720875 0.030281434951589
0.60328389725 0.0304063338181173
0.604521073625 0.0305314917035302
0.60575825 0.0306569077
0.60699521775 0.030782563381643
0.6082321855 0.0309084771196639
0.60946915325 0.0310346498545728
0.610706121 0.0311610816027938
0.61194308875 0.0312877723807867
0.6131800565 0.0314147222050467
0.61441702425 0.0315419310921037
0.615653992 0.0316693969
0.616890743625 0.0317971037815923
0.61812749525 0.0319250675267186
0.619364246875 0.0320532903105644
0.6206009985 0.0321817721498254
0.621837750125 0.0323105130612333
0.62307450175 0.0324395130615569
0.624311253375 0.0325687721675978
0.625548005 0.0326982923
0.626784548125 0.0328280458636234
0.62802109125 0.0329580604000146
0.629257634375 0.0330883340222998
0.6304941775 0.0332188667474487
0.631730720625 0.033349658592468
0.63296726375 0.0334807095743974
0.634203806875 0.0336120197103122
0.63544035 0.0337435901
0.636676677 0.0338753944487351
0.637913004 0.0340074589949664
0.639149331 0.0341397826732273
0.640385658 0.0342723655007591
0.641621985 0.0344052074948413
0.642858312 0.0345383086727891
0.644094639 0.0346716690519493
0.645330966 0.0348052867
0.646567069375 0.0349391432442347
0.64780317275 0.0350732569984542
0.649039276125 0.0352076299298449
0.6502753795 0.0353422620559245
0.651511482875 0.0354771533942451
0.65274758625 0.0356123039623926
0.653983689625 0.0357477137779902
0.655219793 0.035883382
0.6564556655 0.0360192858097745
0.657691538 0.0361554479645267
0.6589274105 0.0362918693407064
0.660163283 0.0364285499561037
0.6613991555 0.0365654898285426
0.662635028 0.0367026889758852
0.6638709005 0.0368401474160267
0.665106773 0.0369778685
0.666342422 0.0371158172707089
0.667578071 0.0372540286274212
0.66881372 0.0373924992550654
0.670049369 0.0375312291717034
0.671285018 0.0376702183954354
0.672520667 0.0378094669443954
0.673756316 0.0379489748367545
0.674991965 0.0380887426
0.676227383 0.0382287425228256
0.677462801 0.0383690022560748
0.678698219 0.0385095213087663
0.679933637 0.0386502996992402
0.681169055 0.0387913374458693
0.682404473 0.038932634567062
0.683639891 0.0390741910812622
0.684875309 0.039216008
0.686110488625 0.0393580549240538
0.68734566825 0.039500362189596
0.688580847875 0.039642928822154
0.6898160275 0.0397857548403415
0.691051207125 0.0399288402628049
0.69228638675 0.0400721851082269
0.693521566375 0.0402157893953268
0.694756746 0.0403596535
0.69599168725 0.0405037485305098
0.6972266285 0.0406481033160553
0.69846156975 0.0407927175183467
0.699696511 0.040937591156271
0.70093145225 0.0410827242487493
0.7021663935 0.0412281168147404
0.70340133475 0.0413737688732381
0.704636276 0.0415196829
0.70587097875 0.0416658232893212
0.7071056815 0.0418122255848274
0.70834038425 0.0419588873489163
0.709575087 0.0421058086007484
0.71080978975 0.0422529893595218
0.7120444925 0.0424004296444682
0.71327919525 0.0425481294748584
0.714513898 0.0426960886
0.715748354875 0.0428442783074967
0.71698281175 0.0429927272450756
0.718217268625 0.0431414357021334
0.7194517255 0.0432904036981059
0.720686182375 0.0434396312524665
0.72192063925 0.0435891183847232
0.723155096125 0.0437388651144213
0.724389553 0.0438888706
0.725623756625 0.0440391065906569
0.72685796025 0.0441896012699319
0.728092163875 0.0443403555186412
0.7293263675 0.0444913693564972
0.730560571125 0.0446426428032449
0.73179477475 0.0447941758786712
0.733028978375 0.044945968602593
0.734263182 0.0450980216
0.73549713225 0.0452503017799284
0.7367310825 0.0454028421665349
0.73796503275 0.0455556421746373
0.739198983 0.0457087018242239
0.74043293325 0.045862021135318
0.7416668835 0.0460156001279781
0.74290083375 0.0461694388223011
0.744134784 0.0463235416
0.745368488375 0.0464778646134549
0.74660219275 0.0466324516471444
0.747835897125 0.0467872983597131
0.7490696015 0.0469424047714249
0.750303305875 0.0470977709025791
0.75153701025 0.0472533967735123
0.752770714625 0.0474092824045957
0.754004419 0.047565423
0.755237855125 0.0477217989927432
0.75647129125 0.0478784298777502
0.757704727375 0.0480353204917643
0.7589381635 0.0481924708553239
0.760171599625 0.0483498809890071
0.76140503575 0.0485075509134232
0.762638471875 0.0486654806492215
0.763871908 0.0488236696
0.765105083375 0.0489820861138615
0.76633825875 0.0491407617743116
0.767571434125 0.0492996972192179
0.7688046095 0.0494588924693957
0.770037784875 0.0496183475456968
0.77127096025 0.0497780624690103
0.772504135625 0.0499380372602616
0.773737311 0.0500982739
0.774970225625 0.0502587325670429
0.77620314025 0.0504194530146886
0.777436054875 0.0505804333044049
0.7786689695 0.0507416734572868
0.779901884125 0.0509031734944614
0.78113479875 0.051064933437095
0.782367713375 0.05122695330639
0.783600628 0.0513892286
0.784833267 0.0515517365442184
0.786065906 0.0517144998391004
0.787298545 0.0518775230295665
0.788531184 0.0520408061369864
0.789763823 0.0522043491827642
0.790996462 0.052368152188345
0.792229101 0.0525322151752068
0.79346174 0.0526965372
0.79469411075 0.0528610853336149
0.7959264815 0.0530258924351257
0.79715885225 0.0531909594910092
0.798391223 0.053356286522912
0.79962359375 0.05352187355252
0.8008559645 0.0536877206015509
0.80208833525 0.0538538276917642
0.803320706 0.0540201925
0.804552793625 0.0541867837721135
0.80578488125 0.0543536326864409
0.807016968875 0.0545207416098235
0.8082490565 0.054688110564185
0.809481144125 0.0548557395714875
0.81071323175 0.0550236286537293
0.811945319375 0.0551917778329445
0.813177407 0.0553601906
0.814409218875 0.0555288187920864
0.81564103075 0.0556977104998202
0.816872842625 0.0558668622765728
0.8181046545 0.0560362741445468
0.819336466375 0.0562059461259823
0.82056827825 0.0563758782431547
0.821800090125 0.0565460705183778
0.823031902 0.0567165278
0.82426343825 0.0568871974053629
0.8254949745 0.0570581319454888
0.82672651075 0.0572293266168238
0.827958047 0.0574007814418493
0.82918958325 0.0575724964430835
0.8304211195 0.0577444716430806
0.83165265575 0.0579167070644351
0.832884192 0.0580892004
0.83411543775 0.0582619178806674
0.8353466835 0.0584348931981271
0.83657792925 0.0586081287048756
0.837809175 0.0587816244236716
0.83904042075 0.0589553803773146
0.8402716665 0.0591293965886353
0.84150291225 0.0593036730805059
0.842734158 0.0594782047
0.843965113125 0.0596529657074827
0.84519606825 0.0598279817656175
0.846427023375 0.0600032580732393
0.8476579785 0.0601787946533872
0.848888933625 0.0603545915291361
0.85011988875 0.060530648723601
0.851350843875 0.0607069662599296
0.852581799 0.0608835407
0.853812456125 0.0610603396089466
0.85504311325 0.0612373953420446
0.856273770375 0.0614147113838825
0.8575044275 0.0615922877577786
0.858735084625 0.0617701244870874
0.85996574175 0.0619482215952027
0.861196398875 0.0621265791055521
0.862427056 0.0623051971
0.8636574225 0.0624840331532033
0.864887789 0.062663129614533
0.8661181555 0.0628424864491528
0.867348522 0.0630221036806597
0.8685788885 0.0632019813326892
0.869809255 0.0633821194289137
0.8710396215 0.0635625179930397
0.872269988 0.0637431741
0.8735000565 0.0639240527689928
0.874730125 0.0641051889022251
0.8759601935 0.0642865854723542
0.877190262 0.0644682425032572
0.8784203305 0.0646501600188492
0.879650399 0.0648323380430824
0.8808804675 0.0650147765999467
0.882110536 0.0651974753
0.883340299 0.0653803899354601
0.884570062 0.0655635646328374
0.885799825 0.0657469998297202
0.887029588 0.0659306955502661
0.888259351 0.0661146518186699
0.889489114 0.0662988686591657
0.890718877 0.0664833460960219
0.89194864 0.0666680783
0.893178097625 0.0668530368848108
0.89440755525 0.0670382501560223
0.895637012875 0.0672237239915789
0.8968664705 0.0674094584159217
0.898095928125 0.0675954534535244
0.89932538575 0.0677817091289015
0.900554843375 0.0679682254666041
0.901784301 0.0681549981
0.903013445625 0.0683419925774151
0.90424259025 0.0685292432670659
0.905471734875 0.0687167545848517
0.9067008795 0.0689045265554924
0.907930024125 0.0690925592037459
0.90915916875 0.0692808525544049
0.910388313375 0.0694694066323018
0.911617458 0.0696582198
0.91284628975 0.0698472489075241
0.9140751215 0.0700365370219389
0.91530395325 0.0702260858305124
0.916532785 0.0704158953582468
0.91776161675 0.070605965630179
0.9189904485 0.070796296671384
0.92021928025 0.0709868885069778
0.921448112 0.0711777434
0.92267663075 0.0713688059495698
0.9239051495 0.0715601314741008
0.92513366825 0.0717517177609457
0.926362187 0.0719435648353874
0.92759070575 0.0721356727227453
0.9288192245 0.0723280414483787
0.93004774325 0.0725206710376813
0.931276262 0.0727135614
0.932504460375 0.072906662504737
0.93373265875 0.0731000242973847
0.934960857125 0.0732936469195575
0.9361890555 0.0734875303968172
0.937417253875 0.0736816747547682
0.93864545225 0.0738760800190494
0.939873650625 0.0740707462153383
0.941101849 0.0742656663
0.942329719625 0.0744608093852364
0.94355759025 0.074656206271098
0.944785460875 0.0748518640527465
0.9460133315 0.0750477827560276
0.947241202125 0.0752439624068248
0.94846907275 0.0754404030310614
0.949696943375 0.0756371046546969
0.950924814 0.0758340657
0.95215235675 0.0760312383052337
0.9533798995 0.0762286702448272
0.95460744225 0.0764263631486006
0.955834985 0.0766243170426835
0.95706252775 0.0768225319532441
0.9582900705 0.0770210079064855
0.95951761325 0.0772197449286516
0.960745156 0.0774187446
0.961972378375 0.0776179502464087
0.96319960075 0.0778174184583733
0.964426823125 0.0780171477082927
0.9656540455 0.0782171380225796
0.966881267875 0.0784173894276847
0.96810849025 0.0786179019500972
0.969335712625 0.0788186756163443
0.970562935 0.0790197104
0.971789814625 0.0792209502303578
0.97301669425 0.0794224510854686
0.974243573875 0.0796242130449807
0.9754704535 0.079826236135589
0.976697333125 0.0800285203840287
0.97792421275 0.0802310658170704
0.979151092375 0.0804338724615263
0.980377972 0.0806369409
0.981604516375 0.0808402138958773
0.98283106075 0.081043748596799
0.984057605125 0.0812475444739498
0.9852841495 0.0814516015543081
0.986510693875 0.0816559198648932
0.98773723825 0.0818604994327599
0.988963782625 0.0820653402850038
0.990190327 0.0822704434
0.991416536125 0.0824757497837068
0.99264274525 0.082681318341681
0.993868954375 0.0828871481499069
0.9950951635 0.0830932392356472
0.996321372625 0.0832995916262051
0.99754758175 0.0835062053489208
0.998773790875 0.0837130804311741
1 0.0839202181
LevelSetWear, written by Inigo Llavori. Lines after the data are not read.
If you use it, please cite I. Llavori, Wear simulation on a fixed mesh with level sets
and immersed frictional contact, submitted for publication. Mondragon Unibertsitatea.
https://github.com/illavori/LevelSetWear       BSD 3-Clause
