1441 8
-1.79999995 0
-1.7974999525 -0
-1.794999955 -0
-1.7924999575 -0
-1.78999996 -0
-1.7874999625 -0
-1.784999965 -0
-1.7824999675 -0
-1.77999997 0
-1.7774999725 -0
-1.774999975 -0
-1.7724999775 -0
-1.76999998 -0
-1.7674999825 -0
-1.764999985 -0
-1.7624999875 -0
-1.75999999 0
-1.7574999925 -0
-1.754999995 -0
-1.7524999975 -0
-1.75 -0
-1.7475000025 -0
-1.745000005 -0
-1.7425000075 -0
-1.74000001 0
-1.7375000125 -0
-1.735000015 -0
-1.7325000175 -0
-1.73000002 -0
-1.7275000225 -0
-1.725000025 -0
-1.7225000275 -0
-1.72000003 0
-1.7175000325 -0
-1.715000035 -0
-1.7125000375 -0
-1.71000004 -0
-1.7075000425 -0
-1.705000045 -0
-1.7025000475 -0
-1.70000005 0
-1.6975000375 -0
-1.695000025 -0
-1.6925000125 -0
-1.69 -0
-1.6874999875 -0
-1.684999975 -0
-1.6824999625 -0
-1.67999995 0
-1.6774999525 -0
-1.674999955 -0
-1.6724999575 -0
-1.66999996 -0
-1.6674999625 -0
-1.664999965 -0
-1.6624999675 -0
-1.65999997 0
-1.6574999725 -0
-1.654999975 -0
-1.6524999775 -0
-1.64999998 -0
-1.6474999825 -0
-1.644999985 -0
-1.6424999875 -0
-1.63999999 0
-1.63749999125 -0
-1.6349999925 -0
-1.63249999375 -0
-1.629999995 -0
-1.62749999625 -0
-1.6249999975 -0
-1.62249999875 -0
-1.62 0
-1.6175000025 -0
-1.615000005 -0
-1.6125000075 -0
-1.61000001 -0
-1.6075000125 -0
-1.605000015 -0
-1.6025000175 -0
-1.60000002 0
-1.5975000225 -0
-1.595000025 -0
-1.5925000275 -0
-1.59000003 -0
-1.5875000325 -0
-1.585000035 -0
-1.5825000375 -0
-1.58000004 0
-1.5775000275 -0
-1.575000015 -0
-1.5725000025 -0
-1.56999999 -0
-1.5674999775 -0
-1.564999965 -0
-1.5624999525 -0
-1.55999994 0
-1.5574999425 -0
-1.554999945 -0
-1.5524999475 -0
-1.54999995 -0
-1.5474999525 -0
-1.544999955 -0
-1.5424999575 -0
-1.53999996 0
-1.5374999625 -0
-1.534999965 -0
-1.5324999675 -0
-1.52999997 -0
-1.5274999725 -0
-1.524999975 -0
-1.5224999775 -0
-1.51999998 0
-1.5174999825 -0
-1.514999985 -0
-1.5124999875 -0
-1.50999999 -0
-1.5074999925 -0
-1.504999995 -0
-1.5024999975 -0
-1.5 0
-1.4975000025 -0
-1.495000005 -0
-1.4925000075 -0
-1.49000001 -0
-1.4875000125 -0
-1.485000015 -0
-1.4825000175 -0
-1.48000002 0
-1.4775000225 -0
-1.475000025 -0
-1.4725000275 -0
-1.47000003 -0
-1.4675000325 -0
-1.465000035 -0
-1.4625000375 -0
-1.46000004 0
-1.4575000425 -0
-1.455000045 -0
-1.4525000475 -0
-1.45000005 -0
-1.4475000525 -0
-1.445000055 -0
-1.4425000575 -0
-1.44000006 0
-1.4375000475 -0
-1.435000035 -0
-1.4325000225 -0
-1.43000001 -0
-1.4274999975 -0
-1.424999985 -0
-1.4224999725 -0
-1.41999996 0
-1.4174999625 -0
-1.414999965 -0
-1.4124999675 -0
-1.40999997 -0
-1.4074999725 -0
-1.404999975 -0
-1.4024999775 -0
-1.39999998 0
-1.3974999825 -0
-1.394999985 -0
-1.3924999875 -0
-1.38999999 -0
-1.3874999925 -0
-1.384999995 -0
-1.3824999975 -0
-1.38 0
-1.37750000125 -0
-1.3750000025 -0
-1.37250000375 -0
-1.370000005 -0
-1.36750000625 -0
-1.3650000075 -0
-1.36250000875 -0
-1.36000001 0
-1.3575000125 -0
-1.355000015 -0
-1.3525000175 -0
-1.35000002 -0
-1.3475000225 -0
-1.345000025 -0
-1.3425000275 -0
-1.34000003 0
-1.3375000325 -0
-1.335000035 -0
-1.3325000375 -0
-1.33000004 -0
-1.3275000425 -0
-1.325000045 -0
-1.3225000475 -0
-1.32000005 0
-1.3175000375 -0
-1.315000025 -0
-1.3125000125 -0
-1.31 -0
-1.3074999875 -0
-1.304999975 -0
-1.3024999625 -0
-1.29999995 0
-1.2974999525 -0
-1.294999955 -0
-1.2924999575 -0
-1.28999996 -0
-1.2874999625 -0
-1.284999965 -0
-1.2824999675 -0
-1.27999997 0
-1.2774999725 -0
-1.274999975 -0
-1.2724999775 -0
-1.26999998 -0
-1.2674999825 -0
-1.264999985 -0
-1.2624999875 -0
-1.25999999 0
-1.2574999925 -0
-1.254999995 -0
-1.2524999975 -0
-1.25 -0
-1.2475000025 -0
-1.245000005 -0
-1.2425000075 -0
-1.24000001 0
-1.2375000125 -0
-1.235000015 -0
-1.2325000175 -0
-1.23000002 -0
-1.2275000225 -0
-1.225000025 -0
-1.2225000275 -0
-1.22000003 0
-1.2175000325 -0
-1.215000035 -0
-1.2125000375 -0
-1.21000004 -0
-1.2075000425 -0
-1.205000045 -0
-1.2025000475 -0
-1.20000005 0
-1.1975000375 -0
-1.195000025 -0
-1.1925000125 -0
-1.19 -0
-1.1874999875 -0
-1.184999975 -0
-1.1824999625 -0
-1.17999995 0
-1.1774999525 -0
-1.174999955 -0
-1.1724999575 -0
-1.16999996 -0
-1.1674999625 -0
-1.164999965 -0
-1.1624999675 -0
-1.15999997 0
-1.1574999725 -0
-1.154999975 -0
-1.1524999775 -0
-1.14999998 -0
-1.1474999825 -0
-1.144999985 -0
-1.1424999875 -0
-1.13999999 0
-1.13749999125 -0
-1.1349999925 -0
-1.13249999375 -0
-1.129999995 -0
-1.12749999625 -0
-1.1249999975 -0
-1.12249999875 -0
-1.12 0
-1.1175000025 -0
-1.115000005 -0
-1.1125000075 -0
-1.11000001 -0
-1.1075000125 -0
-1.105000015 -0
-1.1025000175 -0
-1.10000002 0
-1.0975000225 -0
-1.095000025 -0
-1.0925000275 -0
-1.09000003 -0
-1.0875000325 -0
-1.085000035 -0
-1.0825000375 -0
-1.08000004 0
-1.0775000275 -0
-1.075000015 -0
-1.0725000025 -0
-1.06999999 -0
-1.0674999775 -0
-1.064999965 -0
-1.0624999525 -0
-1.05999994 0
-1.0574999425 -0
-1.054999945 -0
-1.0524999475 -0
-1.04999995 -0
-1.0474999525 -0
-1.044999955 -0
-1.0424999575 -0
-1.03999996 0
-1.0374999625 -0
-1.034999965 -0
-1.0324999675 -0
-1.02999997 -0
-1.0274999725 -0
-1.024999975 -0
-1.0224999775 -0
-1.01999998 0
-1.0174999825 -0
-1.014999985 -0
-1.0124999875 -0
-1.00999999 -0
-1.0074999925 -0
-1.004999995 -0
-1.0024999975 -0
-1 0
-0.997500002375 -0
-0.99500000475 -0
-0.992500007125 -0
-0.9900000095 -0
-0.987500011875 -0
-0.98500001425 -0
-0.982500016625 -0
-0.980000019 0
-0.977500014 -0
-0.975000009 -0
-0.972500004 -0
-0.969999999 -0
-0.967499994 -0
-0.964999989 -0
-0.962499984 -0
-0.959999979 0
-0.957499981375 -0
-0.95499998375 -0
-0.952499986125 -0
-0.9499999885 -0
-0.947499990875 -0
-0.94499999325 -0
-0.942499995625 -0
-0.939999998 0
-0.937500000375 -0
-0.93500000275 -0
-0.932500005125 -0
-0.9300000075 -0
-0.927500009875 -0
-0.92500001225 -0
-0.922500014625 -0
-0.920000017 0
-0.917500011875 -0
-0.91500000675 -0
-0.912500001625 -0
-0.9099999965 -0
-0.907499991375 -0
-0.90499998625 -0
-0.902499981125 -0
-0.899999976 0
-0.897499978375 -0
-0.89499998075 -0
-0.892499983125 -0
-0.8899999855 -0
-0.887499987875 -0
-0.88499999025 -0
-0.882499992625 -0
-0.879999995 0
-0.877499997375 -0
-0.87499999975 -0
-0.872500002125 -0
-0.8700000045 -0
-0.867500006875 -0
-0.86500000925 -0
-0.862500011625 -0
-0.860000014 0
-0.857500009 -0
-0.855000004 -0
-0.852499999 -0
-0.849999994 -0
-0.847499989 -0
-0.844999984 -0
-0.842499979 -0
-0.839999974 0
-0.837499976375 -0
-0.83499997875 -0
-0.832499981125 -0
-0.8299999835 -0
-0.827499985875 -0
-0.82499998825 -0
-0.822499990625 -0
-0.819999993 0
-0.817499995375 -0
-0.81499999775 -0
-0.812500000125 -0
-0.8100000025 -0
-0.807500004875 -0
-0.80500000725 -0
-0.802500009625 -0
-0.800000012 0
-0.797500006875 -0
-0.79500000175 -0
-0.792499996625 -0
-0.7899999915 -0
-0.787499986375 -0
-0.78499998125 -0
-0.782499976125 -0
-0.779999971 0
-0.777499973375 -0
-0.77499997575 -0
-0.772499978125 -0
-0.7699999805 -0
-0.767499982875 -0
-0.76499998525 -0
-0.762499987625 -0
-0.75999999 0
-0.7574999925 -0
-0.754999995 -0
-0.7524999975 -0
-0.75 -0
-0.7475000025 -0
-0.745000005 -0
-0.7425000075 -0
-0.74000001 0
-0.737500012375 -0
-0.73500001475 -0
-0.732500017125 -0
-0.7300000195 -0
-0.727500021875 -0
-0.72500002425 -0
-0.722500026625 -0
-0.720000029 0
-0.717500023875 -0
-0.71500001875 -0
-0.712500013625 -0
-0.7100000085 -0
-0.707500003375 -0
-0.70499999825 -0
-0.702499993125 -0
-0.699999988 0
-0.697499990375 -0
-0.69499999275 -0
-0.692499995125 -0
-0.6899999975 -0
-0.687499999875 -0
-0.68500000225 -0
-0.682500004625 -0
-0.680000007 0
-0.677500009375 -0
-0.67500001175 -0
-0.672500014125 -0
-0.6700000165 -0
-0.667500018875 -0
-0.66500002125 -0
-0.662500023625 -0
-0.660000026 0
-0.657500021 -0
-0.655000016 -0
-0.652500011 -0
-0.650000006 -0
-0.647500001 -0
-0.644999996 -0
-0.642499991 -0
-0.639999986 0
-0.637499988375 -0
-0.63499999075 -0
-0.632499993125 -0
-0.6299999955 -0
-0.627499997875 -0
-0.62500000025 -0
-0.622500002625 -0
-0.620000005 0
-0.617500007375 -0
-0.61500000975 -0
-0.612500012125 -0
-0.6100000145 -0
-0.607500016875 -0
-0.60500001925 -0
-0.602500021625 -0
-0.600000024 0
-0.597500018875 -0
-0.59500001375 -0
-0.592500008625 -0
-0.5900000035 -0
-0.587499998375 -0
-0.58499999325 -0
-0.582499988125 -0
-0.579999983 0
-0.577499985375 -0
-0.57499998775 -0
-0.572499990125 -0
-0.5699999925 -0
-0.567499994875 -0
-0.56499999725 -0
-0.562499999625 -0
-0.560000002 0
-0.557500004375 -0
-0.55500000675 -0
-0.552500009125 -0
-0.5500000115 -0
-0.547500013875 -0
-0.54500001625 -0
-0.542500018625 -0
-0.540000021 0
-0.537500016 -0
-0.535000011 -0
-0.532500006 -0
-0.530000001 -0
-0.527499996 -0
-0.524999991 -0
-0.522499986 -0
-0.519999981 0
-0.517499983375 -0
-0.51499998575 -0
-0.512499988125 -0
-0.5099999905 -0
-0.507499992875 -0
-0.50499999525 -0
-0.502499997625 -0
-0.5 0
-0.497499998625 -0
-0.49499999725 -0
-0.492499995875 -0
-0.4899999945 -0
-0.487499993125 -0
-0.48499999175 -0
-0.482499990375 -0
-0.479999989 0
-0.477499991375 -0
-0.47499999375 -0
-0.472499996125 -0
-0.4699999985 -0
-0.467500000875 -0
-0.46500000325 -0
-0.462500005625 -0
-0.460000008 0
-0.45750000675 -0
-0.4550000055 -0
-0.45250000425 -0
-0.450000003 -0
-0.44750000175 -0
-0.4450000005 -0
-0.44249999925 -0
-0.439999998 0
-0.437499996625 -0
-0.43499999525 -0
-0.432499993875 -0
-0.4299999925 -0
-0.427499991125 -0
-0.42499998975 -0
-0.422499988375 -0
-0.419999987 0
-0.417499989375 -0
-0.41499999175 -0
-0.412499994125 -0
-0.4099999965 -0
-0.407499998875 -0
-0.40500000125 -0
-0.402500003625 -0
-0.400000006 0
-0.397500004625 -0
-0.39500000325 -0
-0.392500001875 -0
-0.3900000005 -0
-0.387499999125 -0
-0.38499999775 -0
-0.382499996375 -0
-0.379999995 0
-0.377499997375 -0
-0.37499999975 -0
-0.372500002125 -0
-0.3700000045 -0
-0.367500006875 -0
-0.36500000925 -0
-0.362500011625 -0
-0.360000014 0
-0.35750001275 -0
-0.3550000115 -0
-0.35250001025 -0
-0.350000009 -0
-0.34750000775 -0
-0.3450000065 -0
-0.34250000525 -0
-0.340000004 0
-0.337500002625 -0
-0.33500000125 -0
-0.332499999875 -0
-0.3299999985 -0
-0.327499997125 -0
-0.32499999575 -0
-0.322499994375 -0
-0.319999993 0
-0.317499995375 -0
-0.31499999775 -0
-0.312500000125 -0
-0.3100000025 -0
-0.307500004875 -0
-0.30500000725 -0
-0.302500009625 -0
-0.300000012 0
-0.297500010625 -0
-0.29500000925 -0
-0.292500007875 -0
-0.2900000065 -0
-0.287500005125 -0
-0.28500000375 -0
-0.282500002375 -0
-0.280000001 0
-0.277499999625 -0
-0.27499999825 -0
-0.272499996875 -0
-0.2699999955 -0
-0.267499994125 -0
-0.26499999275 -0
-0.262499991375 -0
-0.25999999 0
-0.257499990625 -0
-0.25499999125 -0
-0.252499991875 -0
-0.2499999925 -0
-0.247499993125 -0
-0.24499999375 -0
-0.242499994375 -0
-0.239999995 0
-0.2374999955 -0
-0.234999996 -0
-0.2324999965 -0
-0.229999997 -0
-0.2274999975 -0
-0.224999998 -0
-0.2224999985 -0
-0.219999999 0
-0.2174999995 -0
-0.215 -0
-0.2125000005 -0
-0.210000001 -0
-0.2075000015 -0
-0.205000002 -0
-0.2025000025 -0
-0.200000003 0
-0.1975000035 -0
-0.195000004 -0
-0.1925000045 -0
-0.190000005 -0
-0.1875000055 -0
-0.185000006 -0
-0.1825000065 -0
-0.180000007 0
-0.177500005625 -0
-0.17500000425 -0
-0.172500002875 -0
-0.1700000015 -0
-0.167500000125 -0
-0.16499999875 -0
-0.162499997375 -0
-0.159999996 0
-0.157499996625 -0
-0.15499999725 -0
-0.152499997875 -0
-0.1499999985 -0
-0.147499999125 -0
-0.14499999975 -0
-0.142500000375 -0
-0.140000001 0
-0.1375000005 -0
-0.135 -0
-0.1324999995 -0
-0.129999999 -0
-0.1274999985 -0
-0.124999998 -0
-0.1224999975 -0
-0.119999997 0
-0.1174999975 -0
-0.114999998 -0
-0.1124999985 -0
-0.109999999 -0
-0.1074999995 -0
-0.105 -0
-0.1025000005 -0
-0.100000001 0
-0.09750000065 -0
-0.0950000003 -0
-0.09249999995 -0
-0.0899999996 -0
-0.08749999925 -0
-0.0849999989 -0
-0.08249999855 -0
-0.0799999982 0
-0.0774999982625 -0
-0.074999998325 -0
-0.0724999983875 -0
-0.06999999845 -0
-0.0674999985125 -0
-0.064999998575 -0
-0.0624999986375 -0
-0.0599999987 0
-0.05749999875 -0
-0.0549999988 -0
-0.05249999885 -0
-0.0499999989 -0
-0.04749999895 -0
-0.044999999 -0
-0.04249999905 -0
-0.0399999991 0
-0.0374999991625 -0
-0.034999999225 -0
-0.0324999992875 -0
-0.02999999935 -0
-0.0274999994125 -0
-0.024999999475 -0
-0.0224999995375 -0
-0.0199999996 0
-0.01749999965 -0
-0.0149999997 -0
-0.01249999975 -0
-0.0099999998 -0
-0.00749999985 -0
-0.0049999999 -0
-0.00249999995 -0
0 0
0.00249999995 -0
0.0049999999 -0
0.00749999985 -0
0.0099999998 -0
0.01249999975 -0
0.0149999997 -0
0.01749999965 -0
0.0199999996 0
0.0224999995375 -0
0.024999999475 -0
0.0274999994125 -0
0.02999999935 -0
0.0324999992875 -0
0.034999999225 -0
0.0374999991625 -0
0.0399999991 0
0.04249999905 -0
0.044999999 -0
0.04749999895 -0
0.0499999989 -0
0.05249999885 -0
0.0549999988 -0
0.05749999875 -0
0.0599999987 0
0.0624999986375 -0
0.064999998575 -0
0.0674999985125 -0
0.06999999845 -0
0.0724999983875 -0
0.074999998325 -0
0.0774999982625 -0
0.0799999982 0
0.08249999855 -0
0.0849999989 -0
0.08749999925 -0
0.0899999996 -0
0.09249999995 -0
0.0950000003 -0
0.09750000065 -0
0.100000001 0
0.1025000005 -0
0.105 -0
0.1074999995 -0
0.109999999 -0
0.1124999985 -0
0.114999998 -0
0.1174999975 -0
0.119999997 0
0.1224999975 -0
0.124999998 -0
0.1274999985 -0
0.129999999 -0
0.1324999995 -0
0.135 -0
0.1375000005 -0
0.140000001 0
0.142500000375 -0
0.14499999975 -0
0.147499999125 -0
0.1499999985 -0
0.152499997875 -0
0.15499999725 -0
0.157499996625 -0
0.159999996 0
0.162499997375 -0
0.16499999875 -0
0.167500000125 -0
0.1700000015 -0
0.172500002875 -0
0.17500000425 -0
0.177500005625 -0
0.180000007 0
0.1825000065 -0
0.185000006 -0
0.1875000055 -0
0.190000005 -0
0.1925000045 -0
0.195000004 -0
0.1975000035 -0
0.200000003 0
0.2025000025 -0
0.205000002 -0
0.2075000015 -0
0.210000001 -0
0.2125000005 -0
0.215 -0
0.2174999995 -0
0.219999999 0
0.2224999985 -0
0.224999998 -0
0.2274999975 -0
0.229999997 -0
0.2324999965 -0
0.234999996 -0
0.2374999955 -0
0.239999995 0
0.242499994375 -0
0.24499999375 -0
0.247499993125 -0
0.2499999925 -0
0.252499991875 -0
0.25499999125 -0
0.257499990625 -0
0.25999999 0
0.262499991375 -0
0.26499999275 -0
0.267499994125 -0
0.2699999955 -0
0.272499996875 -0
0.27499999825 -0
0.277499999625 -0
0.280000001 0
0.282500002375 -0
0.28500000375 -0
0.287500005125 -0
0.2900000065 -0
0.292500007875 -0
0.29500000925 -0
0.297500010625 -0
0.300000012 0
0.302500009625 -0
0.30500000725 -0
0.307500004875 -0
0.3100000025 -0
0.312500000125 -0
0.31499999775 -0
0.317499995375 -0
0.319999993 0
0.322499994375 -0
0.32499999575 -0
0.327499997125 -0
0.3299999985 -0
0.332499999875 -0
0.33500000125 -0
0.337500002625 -0
0.340000004 0
0.34250000525 -0
0.3450000065 -0
0.34750000775 -0
0.350000009 -0
0.35250001025 -0
0.3550000115 -0
0.35750001275 -0
0.360000014 0
0.362500011625 -0
0.36500000925 -0
0.367500006875 -0
0.3700000045 -0
0.372500002125 -0
0.37499999975 -0
0.377499997375 -0
0.379999995 0
0.382499996375 -0
0.38499999775 -0
0.387499999125 -0
0.3900000005 -0
0.392500001875 -0
0.39500000325 -0
0.397500004625 -0
0.400000006 0
0.402500003625 -0
0.40500000125 -0
0.407499998875 -0
0.4099999965 -0
0.412499994125 -0
0.41499999175 -0
0.417499989375 -0
0.419999987 0
0.422499988375 -0
0.42499998975 -0
0.427499991125 -0
0.4299999925 -0
0.432499993875 -0
0.43499999525 -0
0.437499996625 -0
0.439999998 0
0.44249999925 -0
0.4450000005 -0
0.44750000175 -0
0.450000003 -0
0.45250000425 -0
0.4550000055 -0
0.45750000675 -0
0.460000008 0
0.462500005625 -0
0.46500000325 -0
0.467500000875 -0
0.4699999985 -0
0.472499996125 -0
0.47499999375 -0
0.477499991375 -0
0.479999989 0
0.482499990375 -0
0.48499999175 -0
0.487499993125 -0
0.4899999945 -0
0.492499995875 -0
0.49499999725 -0
0.497499998625 -0
0.5 0
0.502499997625 -0
0.50499999525 -0
0.507499992875 -0
0.5099999905 -0
0.512499988125 -0
0.51499998575 -0
0.517499983375 -0
0.519999981 0
0.522499986 -0
0.524999991 -0
0.527499996 -0
0.530000001 -0
0.532500006 -0
0.535000011 -0
0.537500016 -0
0.540000021 0
0.542500018625 -0
0.54500001625 -0
0.547500013875 -0
0.5500000115 -0
0.552500009125 -0
0.55500000675 -0
0.557500004375 -0
0.560000002 0
0.562499999625 -0
0.56499999725 -0
0.567499994875 -0
0.5699999925 -0
0.572499990125 -0
0.57499998775 -0
0.577499985375 -0
0.579999983 0
0.582499988125 -0
0.58499999325 -0
0.587499998375 -0
0.5900000035 -0
0.592500008625 -0
0.59500001375 -0
0.597500018875 -0
0.600000024 0
0.602500021625 -0
0.60500001925 -0
0.607500016875 -0
0.6100000145 -0
0.612500012125 -0
0.61500000975 -0
0.617500007375 -0
0.620000005 0
0.622500002625 -0
0.62500000025 -0
0.627499997875 -0
0.6299999955 -0
0.632499993125 -0
0.63499999075 -0
0.637499988375 -0
0.639999986 0
0.642499991 -0
0.644999996 -0
0.647500001 -0
0.650000006 -0
0.652500011 -0
0.655000016 -0
0.657500021 -0
0.660000026 0
0.662500023625 -0
0.66500002125 -0
0.667500018875 -0
0.6700000165 -0
0.672500014125 -0
0.67500001175 -0
0.677500009375 -0
0.680000007 0
0.682500004625 -0
0.68500000225 -0
0.687499999875 -0
0.6899999975 -0
0.692499995125 -0
0.69499999275 -0
0.697499990375 -0
0.699999988 0
0.702499993125 -0
0.70499999825 -0
0.707500003375 -0
0.7100000085 -0
0.712500013625 -0
0.71500001875 -0
0.717500023875 -0
0.720000029 0
0.722500026625 -0
0.72500002425 -0
0.727500021875 -0
0.7300000195 -0
0.732500017125 -0
0.73500001475 -0
0.737500012375 -0
0.74000001 0
0.7425000075 -0
0.745000005 -0
0.7475000025 -0
0.75 -0
0.7524999975 -0
0.754999995 -0
0.7574999925 -0
0.75999999 0
0.762499987625 -0
0.76499998525 -0
0.767499982875 -0
0.7699999805 -0
0.772499978125 -0
0.77499997575 -0
0.777499973375 -0
0.779999971 0
0.782499976125 -0
0.78499998125 -0
0.787499986375 -0
0.7899999915 -0
0.792499996625 -0
0.79500000175 -0
0.797500006875 -0
0.800000012 0
0.802500009625 -0
0.80500000725 -0
0.807500004875 -0
0.8100000025 -0
0.812500000125 -0
0.81499999775 -0
0.817499995375 -0
0.819999993 0
0.822499990625 -0
0.82499998825 -0
0.827499985875 -0
0.8299999835 -0
0.832499981125 -0
0.83499997875 -0
0.837499976375 -0
0.839999974 0
0.842499979 -0
0.844999984 -0
0.847499989 -0
0.849999994 -0
0.852499999 -0
0.855000004 -0
0.857500009 -0
0.860000014 0
0.862500011625 -0
0.86500000925 -0
0.867500006875 -0
0.8700000045 -0
0.872500002125 -0
0.87499999975 -0
0.877499997375 -0
0.879999995 0
0.882499992625 -0
0.88499999025 -0
0.887499987875 -0
0.8899999855 -0
0.892499983125 -0
0.89499998075 -0
0.897499978375 -0
0.899999976 0
0.902499981125 -0
0.90499998625 -0
0.907499991375 -0
0.9099999965 -0
0.912500001625 -0
0.91500000675 -0
0.917500011875 -0
0.920000017 0
0.922500014625 -0
0.92500001225 -0
0.927500009875 -0
0.9300000075 -0
0.932500005125 -0
0.93500000275 -0
0.937500000375 -0
0.939999998 0
0.942499995625 -0
0.94499999325 -0
0.947499990875 -0
0.9499999885 -0
0.952499986125 -0
0.95499998375 -0
0.957499981375 -0
0.959999979 0
0.962499984 -0
0.964999989 -0
0.967499994 -0
0.969999999 -0
0.972500004 -0
0.975000009 -0
0.977500014 -0
0.980000019 0
0.982500016625 -0
0.98500001425 -0
0.987500011875 -0
0.9900000095 -0
0.992500007125 -0
0.99500000475 -0
0.997500002375 -0
1 0
1.0024999975 -0
1.004999995 -0
1.0074999925 -0
1.00999999 -0
1.0124999875 -0
1.014999985 -0
1.0174999825 -0
1.01999998 0
1.0224999775 -0
1.024999975 -0
1.0274999725 -0
1.02999997 -0
1.0324999675 -0
1.034999965 -0
1.0374999625 -0
1.03999996 0
1.0424999575 -0
1.044999955 -0
1.0474999525 -0
1.04999995 -0
1.0524999475 -0
1.054999945 -0
1.0574999425 -0
1.05999994 0
1.0624999525 -0
1.064999965 -0
1.0674999775 -0
1.06999999 -0
1.0725000025 -0
1.075000015 -0
1.0775000275 -0
1.08000004 0
1.0825000375 -0
1.085000035 -0
1.0875000325 -0
1.09000003 -0
1.0925000275 -0
1.095000025 -0
1.0975000225 -0
1.10000002 0
1.1025000175 -0
1.105000015 -0
1.1075000125 -0
1.11000001 -0
1.1125000075 -0
1.115000005 -0
1.1175000025 -0
1.12 0
1.12249999875 -0
1.1249999975 -0
1.12749999625 -0
1.129999995 -0
1.13249999375 -0
1.1349999925 -0
1.13749999125 -0
1.13999999 0
1.1424999875 -0
1.144999985 -0
1.1474999825 -0
1.14999998 -0
1.1524999775 -0
1.154999975 -0
1.1574999725 -0
1.15999997 0
1.1624999675 -0
1.164999965 -0
1.1674999625 -0
1.16999996 -0
1.1724999575 -0
1.174999955 -0
1.1774999525 -0
1.17999995 0
1.1824999625 -0
1.184999975 -0
1.1874999875 -0
1.19 -0
1.1925000125 -0
1.195000025 -0
1.1975000375 -0
1.20000005 0
1.2025000475 -0
1.205000045 -0
1.2075000425 -0
1.21000004 -0
1.2125000375 -0
1.215000035 -0
1.2175000325 -0
1.22000003 0
1.2225000275 -0
1.225000025 -0
1.2275000225 -0
1.23000002 -0
1.2325000175 -0
1.235000015 -0
1.2375000125 -0
1.24000001 0
1.2425000075 -0
1.245000005 -0
1.2475000025 -0
1.25 -0
1.2524999975 -0
1.254999995 -0
1.2574999925 -0
1.25999999 0
1.2624999875 -0
1.264999985 -0
1.2674999825 -0
1.26999998 -0
1.2724999775 -0
1.274999975 -0
1.2774999725 -0
1.27999997 0
1.2824999675 -0
1.284999965 -0
1.2874999625 -0
1.28999996 -0
1.2924999575 -0
1.294999955 -0
1.2974999525 -0
1.29999995 0
1.3024999625 -0
1.304999975 -0
1.3074999875 -0
1.31 -0
1.3125000125 -0
1.315000025 -0
1.3175000375 -0
1.32000005 0
1.3225000475 -0
1.325000045 -0
1.3275000425 -0
1.33000004 -0
1.3325000375 -0
1.335000035 -0
1.3375000325 -0
1.34000003 0
1.3425000275 -0
1.345000025 -0
1.3475000225 -0
1.35000002 -0
1.3525000175 -0
1.355000015 -0
1.3575000125 -0
1.36000001 0
1.36250000875 -0
1.3650000075 -0
1.36750000625 -0
1.370000005 -0
1.37250000375 -0
1.3750000025 -0
1.37750000125 -0
1.38 0
1.3824999975 -0
1.384999995 -0
1.3874999925 -0
1.38999999 -0
1.3924999875 -0
1.394999985 -0
1.3974999825 -0
1.39999998 0
1.4024999775 -0
1.404999975 -0
1.4074999725 -0
1.40999997 -0
1.4124999675 -0
1.414999965 -0
1.4174999625 -0
1.41999996 0
1.4224999725 -0
1.424999985 -0
1.4274999975 -0
1.43000001 -0
1.4325000225 -0
1.435000035 -0
1.4375000475 -0
1.44000006 0
1.4425000575 -0
1.445000055 -0
1.4475000525 -0
1.45000005 -0
1.4525000475 -0
1.455000045 -0
1.4575000425 -0
1.46000004 0
1.4625000375 -0
1.465000035 -0
1.4675000325 -0
1.47000003 -0
1.4725000275 -0
1.475000025 -0
1.4775000225 -0
1.48000002 0
1.4825000175 -0
1.485000015 -0
1.4875000125 -0
1.49000001 -0
1.4925000075 -0
1.495000005 -0
1.4975000025 -0
1.5 0
1.5024999975 -0
1.504999995 -0
1.5074999925 -0
1.50999999 -0
1.5124999875 -0
1.514999985 -0
1.5174999825 -0
1.51999998 0
1.5224999775 -0
1.524999975 -0
1.5274999725 -0
1.52999997 -0
1.5324999675 -0
1.534999965 -0
1.5374999625 -0
1.53999996 0
1.5424999575 -0
1.544999955 -0
1.5474999525 -0
1.54999995 -0
1.5524999475 -0
1.554999945 -0
1.5574999425 -0
1.55999994 0
1.5624999525 -0
1.564999965 -0
1.5674999775 -0
1.56999999 -0
1.5725000025 -0
1.575000015 -0
1.5775000275 -0
1.58000004 0
1.5825000375 -0
1.585000035 -0
1.5875000325 -0
1.59000003 -0
1.5925000275 -0
1.595000025 -0
1.5975000225 -0
1.60000002 0
1.6025000175 -0
1.605000015 -0
1.6075000125 -0
1.61000001 -0
1.6125000075 -0
1.615000005 -0
1.6175000025 -0
1.62 0
1.62249999875 -0
1.6249999975 -0
1.62749999625 -0
1.629999995 -0
1.63249999375 -0
1.6349999925 -0
1.63749999125 -0
1.63999999 0
1.6424999875 -0
1.644999985 -0
1.6474999825 -0
1.64999998 -0
1.6524999775 -0
1.654999975 -0
1.6574999725 -0
1.65999997 0
1.6624999675 -0
1.664999965 -0
1.6674999625 -0
1.66999996 -0
1.6724999575 -0
1.674999955 -0
1.6774999525 -0
1.67999995 0
1.6824999625 -0
1.684999975 -0
1.6874999875 -0
1.69 -0
1.6925000125 -0
1.695000025 -0
1.6975000375 -0
1.70000005 0
1.7025000475 -0
1.705000045 -0
1.7075000425 -0
1.71000004 -0
1.7125000375 -0
1.715000035 -0
1.7175000325 -0
1.72000003 0
1.7225000275 -0
1.725000025 -0
1.7275000225 -0
1.73000002 -0
1.7325000175 -0
1.735000015 -0
1.7375000125 -0
1.74000001 0
1.7425000075 -0
1.745000005 -0
1.7475000025 -0
1.75 -0
1.7524999975 -0
1.754999995 -0
1.7574999925 -0
1.75999999 0
1.7624999875 -0
1.764999985 -0
1.7674999825 -0
1.76999998 -0
1.7724999775 -0
1.774999975 -0
1.7774999725 -0
1.77999997 0
1.7824999675 -0
1.784999965 -0
1.7874999625 -0
1.78999996 -0
1.7924999575 -0
1.794999955 -0
1.7974999525 -0
1.79999995 0
LevelSetWear, written by Inigo Llavori. Lines after the data are not read.
If you use it, please cite I. Llavori, Wear simulation on a fixed mesh with level sets
and immersed frictional contact, submitted for publication. Mondragon Unibertsitatea.
https://github.com/illavori/LevelSetWear       BSD 3-Clause
